29733114108719,65272366
29733322240542,172465892
29733424019777,761119
29733468770761,748764
29733570046846,847320
29733605503152,664864
29733824441690,118704064
29734032859169,173426123
29734068260435,936712
29734224810375,880891
29738137866912,686442254
29738249693525,818600
29738289127471,730695
29738605705521,910953
29738684670048,991869
29738735351467,782899
29738854549794,952801
29738902904810,872944
29738960082654,649173
29739080651702,64900113
29739127439573,773272
29739250264624,65526813
29739291919186,895508
29739404136658,858835
29739701757563,65500534
29739934833253,1113517
29739979343149,11266521
29740012462634,633388
29740066184849,857606
29740098535845,746885
29740131254600,664829
29740166221089,693825
29740900667302,1063339
29741005957181,1157164
29741172404111,64545201
29741918801405,1205894
29743971616706,1123619
29747152434867,3148369864
29747205091611,836900
29747410621056,171177999
29747684799042,63798124
29747850273187,64728269
29747885259037,722130
29747935642226,969222
29747970810520,658993
29748004897280,580348
29748042687495,3598635
29748142751184,1038707
29748243460360,1219447
29748422942390,943604
29748521637148,64613102
29748557316480,1133604
29750551030178,1958777205
29750665734561,63982567
29750881890786,173189321
29750981461264,1197390
29751080389975,793674
29751179998067,796080
29751384666966,172377760
29751419168292,942428
29751518256998,1134260
29751553055692,638432
29755671397423,172430437
29755705481533,954582
29755738595980,1042616
29755835371794,64357696
29755868382969,695826
29755903316740,1090751
29756132444708,717562
29756229334920,64505346
29756327127009,65355287
29756360903993,856547
29756393822567,811267
29756437084257,11103599
29756535210263,65715981
29756569102886,1095583
29758681362535,65131283
29758885939288,172170373
29759237773137,883404
29759335982908,858096
29759790662440,418851640
29760117217095,173048243
29760151184132,815239
29760183606069,646139
29760217577823,966246
29760255525860,3511227
29760658166834,901324
29760695396501,668898
29760729133642,620347
29760764198189,825394
29760799374027,705036
29760834850758,685360
29760873186079,669563
29760908504269,733401
29760943333076,954346
29761325762018,171656362
29761427351938,870335
29761635537377,173278765
29761861183280,11363409
29762390015178,140169736
29762426621078,694840
29762461766053,856376
29762617581048,119400130
29762668093016,818666
29762702047488,785981
29762735191815,674686
29762770407201,744995
29762869955226,1253934
29762910841343,1233777
29763011072973,999578
29763044773610,1001826
29763248898069,1100036
29763878068766,529686227
29764032370530,785091
29764183999391,118296964
29766379511255,1966562443
29766497361147,65329121
29766960676415,1102098
29767123812004,65569891
29767507433121,174183923
29767550410233,1146925
29767824236713,173794527
29768386846257,529936495
29768855302000,421624492
29769094519961,139866959
29769136086799,776537
29769168557364,600602
29769201884550,679879
29769808817206,914410
29770081434595,64153617
29770125439412,11185322
29770158125098,556870
29770367805182,897775
29770622255201,862015
29771026444335,366771457
29771062392476,738694
29771273472949,782149
29771308681937,940884
29771409172845,65723049
29771511001894,787006
29771546397467,666351
29771582077947,611531
29772079683302,463274212
29772114854060,824982
29772149976616,872345
29772186013967,768517
29772224568747,3667843
29772259875091,769508
29772295098071,985183
29772330625911,808244
29772453259315,1108813
29772606338395,119127851
29772654349330,810760
29772687529656,772303
29772723490167,948363
29772889916649,1142598
29773114079705,64392096
29773910878756,64952151
29774122405184,881694
29774327850288,173064010
29774492604639,65235833
29774786739154,258313878
29774836010051,865345
29774870810932,976420
29774980100719,65243956
29775189156346,173746930
29775355029847,64914766
29775457660915,1176112
29775492472133,783438
29775700668554,173353334
29775989641805,186555843
29776093668557,802733
29776312085198,183478334
29776595112168,247930703
29776752363238,900008
29776869565629,988087
29776905824029,833952
29777116845058,818654
29777221057646,827422
29777428015584,173080736
29781288659597,3824354568
29781345460005,3429319
29782088325756,976121
29782123762164,725602
29782280004629,1131745
29782658330719,345754741
29786181938215,3136781995
29786236398640,884901
29786394944312,919697
29786872982441,311748002
29787053233864,1215613
29787219612031,896629
29787431571993,753593
29787926724060,460936403
29788027847916,65155524
29788083666475,21188981
29788482507492,172261022
29788515802450,892399
29788614161507,65190332
29788819778780,172769173
29788938391247,899798
29789042755598,739191
29789419933118,344959831
29789454713976,764504
29789488406863,912458
29789525751120,745171
29789626294641,694236
29790077608751,419517602
29790284335530,172746327
29790333734166,731937
29790627003334,193832264
29790662835244,1230033
29790960861323,921937
29791182494238,913920
29791282133456,65322319
29791384716088,65480948
29791486861928,1086862
29791652811984,65657389
29795953708350,354920155
29795998143361,736769
29796097244993,940385
29796168774426,819788
29796377696678,1228912
29796411458398,867862
29796618183497,173949531
29796651558386,766468
29796772098227,1164459
29796805462290,873997
29797189113359,990866
29800420498430,894103
29800457377904,966530
29800631526962,138837941
29800843764312,807854
29802850924607,1974569982
29803082822809,174090384
29803429986647,314488942
29803880144619,65698840
29804407336933,65276718
29804441437827,906467
29804539222677,64980130
29804575478791,788271
29804830968918,119214714
29804867740566,920665
29805459977064,173706276
29805560019578,944196
29805664990604,3868558
29805699476181,1080967
29805733936543,1311432
29805771471935,897210
29805977814777,173960689
29806019973593,858865
29809298490879,64942196
29809643637942,312513486
29809684626179,759024
29809717441608,856884
29813590215691,3840223462
29813814610541,172540634
29813847957955,793704
29814150486419,140047554
29814183890723,823977
29814390391686,174555379
29818330997404,822082
29818452792938,65176866
29818730101685,65564875
29822679624709,871169
29822713049362,800036
29822745719986,754307
29822899224385,1062299
29823051663023,119746124
29823257920562,172603915
29823359781147,65304305
29823393429761,874798
29823569693683,1030778
29823603371539,1106453
29824398126948,63540096
29824431418045,927349
29824644202453,169388015
29824875949709,64004360
29824973766595,64835099
29825302673168,172787677
29829271180455,791007
29829309640041,743477
29829348456657,3388267
29829579645621,920390
29829787545131,894534
29829892881379,65419557
29830162946198,172171468
29830371658130,923789
29830807434248,1070756
29830962200341,943814
29830996132030,843211
29831657768129,563432942
29831905792351,792628
29832196523122,257990515
29832231239145,746250
29832677294538,980250
29832845607512,64902799
29832882782321,3806526
29832918306096,636882
29833019919115,65073850
29833118150503,65417497
29833153190534,1161845
29833189863702,812790
29833297268865,1044394
29833331260646,862455
29833364547773,827232
29835414153685,887750
29835448578592,597261
29835663250543,182129286
29835697037477,857619
29835902716780,171332509
29836107454162,170246770
29836258216628,117924680
29840196999830,980147
29840409043392,173603667
29840807292979,365520037
29841302030456,461436949
29841509609799,173776131
29841543919249,760378
29841577094900,748334
29841783649279,173654387
29842014116869,870338
29842411292483,904180
29842510544399,785636
29842555462313,773425
29842786089085,1188547
29842819469640,770055
29842854746837,1001261
29842889127798,828691
29843614709927,688118599
29844001243667,173348583
29844035421463,727815
29844071054463,770078
29844282511636,3768628
29844381707739,781582
29844550341131,814517
29846558473527,1973122092
29846744418065,910180
29846843771356,65046810
29847116042742,172567542
29847155475821,3786686
29847366138741,784839
29847556265248,65582036
29847592051205,832277
29848208129947,396154697
29848373467550,129869674
29848760247800,345541019
29848875848531,759230
29848908853230,873862
29848942254687,840586
29849103620225,129106801
29849461936644,259429728
29849496154099,874825
29849702230037,173496339
29849800994522,65209291
29849835728411,798382
29849870361026,1531099
29849970791743,1064185
29853198532259,3128936044
29853451372428,778983
29853486514624,791468
29853646735018,775568
29853683622870,669070
29853786247901,699324
29853886992362,895089
29853923393124,640856
29854130895099,172419194
29854166913255,908639
29854201872836,612806
29854411576597,886244
29854448572480,982092
29855001326060,397097246
29855037153347,889337
29855329662505,258261368
29855445380793,64812108
29855481515033,935824
29855588722047,64759131
29855690094028,787733
29855899449696,172352235
29856469322329,64708672
29860472610114,65862644
29860683987324,993684
29860717351199,1157952
29860750671688,1195167
29860956783943,173943927
29861123277711,65100021
29861277090053,788366
29861310437788,835684
29861874586065,65870726
29862028594472,854130
29862128234514,908786
29862237029292,75591395
29862270203819,789520
29862475701063,173300705
29862589835762,781091
29863200684597,3696258
29864298458521,366287460
29865144156549,172463988
29865605035488,954511
29865639442079,702458
29866025756587,814415
29866333488169,849343
29866912505064,119424835
29867511651942,565841213
29867680241393,119055768
29867715995283,923928
29867751336604,714877
29867788231026,724777
29867823049806,627138
29867858904634,503027
29868142166031,73538736
29868244689179,64127946
29868344419485,64096777
29868555494605,816282
29868719104056,128859643
29868754936911,804137
29868855259788,715956
29868958253473,65254952
29868993389821,731898
29869159620548,64837528
29869196926918,849565
29869625754708,394613944
29869674805517,1007489
29870063136040,182366653
29870159764533,64298610
29870322665632,64793956
29870697556001,342192743
29870795833770,65020943
29870898295744,3669964
29870997225294,776742
29871743334724,1139477
29871783344021,1083095
29871886018941,1160607
29871918450224,558455
29872192574177,65362236
29872229562280,854978
29872962361493,1156200
29873463813721,1226545
29874174770978,679029397
29874223367985,725385
29874263031555,669778
29874375573283,921892
29874425289812,708760
29874466462484,963268
29875202630663,847203
29875235184368,587135
29875525725594,193003888
29875680513043,836033
29876030635678,956456
29876319917869,65291103
29876355342150,726555
29877020680271,563261648
29877057628042,762625
29877270942013,3790554
29877305758404,800578
29877341067400,764033
29878014202142,63392170
29878049356553,742578
29878147758415,63670696
29878189311610,1084271
29882128267303,836964
29882164486753,1030375
29882263450624,951647
29882824808665,524979367
29883044725482,64618184
29883145959985,913759
29883247078291,64572674
29883519613992,64823155
29883553430553,740209
29883766193716,180577335
29884058155888,254411517
29884156750514,64625240
29884206539925,1073917
29884876671400,171831101
29884917297629,1032423
29885070645932,118702482
29885421617381,848501
29885522611248,65112687
29885559054764,1194164
29885605829375,1014085
29885707983718,678033
29889031947448,3112838510
29889147397393,64385570
29889202350325,781768
29889663715967,363198085
29890394826244,822553
29890493962714,928022
29890526600432,442585
29890558890286,798158
29890669716781,1101363
29890768833023,1041958
29894618370100,3817175647
29894671320321,687247
29895162739779,457784129
29895261473526,859707
29895659642901,365909738
29895758064403,65591251
29895858008673,925526
29895893827636,3731507
29896250272034,182591399
29896284972239,1096911
29898747160716,413749298
29898976582853,65192735
29899076528121,65144850
29899283320016,173102395
29899328084574,11135126
29899364660080,715679
29899418420279,798585
29899452398195,694096
29899550936719,870354
29899924679606,341869284
29899959182340,894239
29899994804428,681370
29900027851906,664700
29900125255879,65286879
29900224292958,66219107
29900429242305,172042643
29900542732877,867718
29900576402747,678450
29900674434399,723032
29901164541515,458455362
29901460841936,1073094
29901673022340,1127589
29901771931939,756851
29901871029500,766030
29905739913472,3836186689
29905968731629,862719
29906001709879,876273
29906212413381,882982
29906246571219,856261
29906279692491,1011612
29906486006387,172967566
29906523393197,777200
29907104067820,1215326
29907137392555,903411
29907352643065,1174106
29907450770768,65789021
29907550061237,919037
29907647606632,65088295
29908026739073,344744405
29908075852947,1236010
29908179217304,64924771
29908279040818,816390
29908491032821,1214874
29908525241399,1073125
29908622913350,65094431
29908748677627,916484
29908781929968,973195
29909051758825,236912155
29909087408609,899104
29909185863927,64895931
29909286522516,1001885
29913137691822,3818074682
29913202993666,753969
29913704112173,859457
29913907802173,84203979
29913942080546,957396
29914046682535,699899
29914145723359,64489141
29914187474952,3638208
29914221249440,706208
29914254029584,767158
29914287733037,992984
29914325206102,1000711
29914927609589,568561588
29914964037061,810202
29915360848057,172808284
29915394374045,974240
29915428858028,936778
29915506427609,3767844
29915540040344,885343
29915748037572,741483
29917785659433,751602
29917961666047,889486
29917995162008,926767
29918377388830,1663521
29918603523889,193780628
29919049293937,65190015
29919169965524,1272002
29919268373230,806741
29919378366416,11199096
29923252773583,3841419140
29923307695272,1021764
29923519906219,3819471
29924121631738,567862087
29924220875662,65192922
29924494077655,173940292
29924527758480,725661
29924560967981,1012724
29924593680167,739196
29924627985620,1071384
29924662997098,821667
29924696637072,739356
29924740398688,11139041
29925205117965,421655377
29925381669738,812655
29925590319521,174182853
29925759033666,65449087
29925792748579,968626
29925825504215,788410
29926831229450,395854276
29927040478367,819685
29930207689785,3125565327
29930837206051,258371896
29931048153887,892781
29931697190870,364380175
29931909538998,1148959
29932546273265,868708
29932592899107,847545
29932973318993,346360643
29933098470225,64399100
29933135341370,869299
29933175574040,3365123
29933360492478,84705106
29933395920253,780334
29933431726744,866862
29933707666634,64925115
29933743878969,986775
29933893945789,756389
29933929309521,845335
29934027442248,63830954
29934263699031,911872
29934306806411,938386
29934345959347,792493
29934389380121,776516
29934425872072,789823
29934842170841,192095637
29934997731854,903598
29935406361044,1216193
29935443356203,1054353
29935540482353,64751428
29935750234225,938681
29935847298279,64808913
29935881085351,889182
29935914605529,892591
29939868277760,3613954
29940032579578,65714275
29940245483894,925358
29940456451458,1078926
29940489288618,759232
29940662727774,65435140
29940696432751,951770
29941442783345,395257535
29941478301557,1221576
29941629812538,119151206
29941663274010,879805
29941761282404,65003286
29941795194551,872418
29942082687913,64747189
29942180946468,65165115
29942214560351,984017
29942313050874,1009741
29942805281156,459426792
29942905240399,66001969
29942938498325,699983
29943112111635,805762
29943321200644,856907
29943357525522,1129937
29943476476747,86419930
29944044253369,355824748
29944559323703,397279633
29944603658227,1048941
29944640007734,1148454
29944992509271,948774
29945092667943,64981500
29945690324204,563220905
29946045174816,65699709
29946282435827,173626587
29946325136699,783545
29946484202590,117429375
29946526193402,1009568
29946741710328,168334617
29946789364200,1066779
29946833236534,740142
29946944756164,962659
29947105190471,119510810
29947437587357,913942
29947676130328,1154483
29947846370661,119867169
29947962786587,1023548
29948091358757,918094
29948254133141,986681
29948299691787,816818
29948418437100,65201924
29948526975298,65022154
29948585867137,903829
29948630060524,765715
29948741136946,872491
29948850299429,63974223
29949017879931,868125
29949064640337,785405
29949294974614,804417
29949470333945,118885338
29949915547321,65504223
29950620430994,394565603
29950681813496,20989850
29950911480622,3686728
29950973698001,978061
29951766785832,460328203
29952548633248,1160867
29956750135459,773929
29956788821408,868322
29956911508874,64575052
29961176546363,911058
29961221936841,775853
29961686818719,419450120
29961730995955,795453
29961852862754,86142502
29961964876205,65036874
29962081278163,11437939
29962713589435,1026358
29962770847625,765019
29963031371767,910858
29963331702046,65450379
29963631383191,128008757
29963674362711,854384
29963713274080,693039
29963992473940,118302714
29964250916206,871689
29964589893626,821640
29964696179907,65136772
29964935083474,1189841
29964970948915,728666
29965005566692,613438
29965165951741,1017453
29969127914806,1060227
29969180681537,709163
29969387089959,172586606
29969663982224,788881
29969797908500,894847
29969923265384,65116971
29970024282347,65603373
29970550840848,1038062
29970585557259,940570
29970813101709,754723
29971718415616,686349448
29971791784302,876968
29971836866846,933858
29972196406266,313540736
29972299844325,912559
29972531572724,194859339
29972576228048,1616024
29972626558965,3808167
29972666295740,1016995
29973136377284,65404463
29973192572978,899636
29973329222650,1203775
29973363863503,829892
29973971272005,570504519
29974527607779,395686988
29974574195787,897369
29974629040439,927249
29975200865448,528022281
29975500582386,64989285
29975547554793,1026822
29979003989136,818955
29979803951487,689667805
29979872404944,903758
29983816543090,926872
29983858605282,641852
29983978026667,878127
29984038088347,737799
29984107121910,729850
29984149574460,895833
29984563720352,365929034
29984773527469,171940313
29985152120686,867989
29985262213573,1188475
29985495966007,171926237
29985661047402,65033969
29986947447210,780536
29987018391696,1152390
29987137845702,886635
29987240854259,65285278
29987851548770,567083428
29988000961218,903926
29988228607883,1074675
29988282901978,1008595
29988675734742,830518
29988851538283,65718804
29988900985803,1034170
29989072695119,733079
29989428536145,236616789
29989875608686,394582975
29989920253017,1129118
29989969441102,1093305
29990507863246,3702725
29990550646601,705032
29990612361035,699807
29990792190833,891261
29990969550512,11402306
29991017940018,760857
29991149528273,85451282
29991328872899,751755
29991374914403,768864
29991600889116,906373
29991715253913,64949637
29991997725751,173081610
29992180220339,138583818
29992935630348,918982
29992985381606,3961463
29993107333261,65957988
29993216954445,65598737
29993284880039,903674
29993342437759,720894
29995492247012,65622092
29995652749476,1114702
29996098008156,3766770
29996222755095,3787725
29996268726977,907159
29997012063141,932810
30000231438741,3119199009
30000385909236,1186963
30000421036432,793082
30002419943063,1959927920
30002518213187,886965
30002624516889,64795980
30003056394286,390742760
30003460312340,139654155
30003514691087,956447
30003617759867,64531248
30003662155120,824922
30003713967206,742934
30004016168704,924287
30004230695632,904903
30004332302348,65157606
30004452117551,817248
30008507258937,65195416
30009011019350,461127493
30009055974222,944934
30009098842516,1170788
30009568624980,3554550
30009621186451,790696
30010135453978,865961
30010469036701,63638928
30010672774035,64360250
30010710419946,804047
30011432026123,680776375
30011500763743,908774
30011557679215,684112
30011614761991,710092
30011734135303,64054182
30011856859549,918370
30011916521821,887186
30011970821415,945214
30012203154785,192307785
30012248987760,808620
30012778373282,910206
30012837452254,1043135
30013084434114,883431
30013206259502,85199094
30013253647770,822555
30013307134825,781868
30013354204597,703079
30013589192204,805706
30013643311492,1077246
30013691334021,748223
30013809080216,1113489
30014144428229,64924669
30014204137031,1012628
30014254731493,814561
30014298804349,732914
30014650085120,173361946
30015078694853,365131556
30015139817000,748517
30015187418057,816122
30015305653885,900976
30015347654341,738629
30015387951721,982284
30015659984963,806921
30015720309687,11165232
30015938105945,174145553
30015975440666,830991
30016015077972,853520
30016318315990,903407
30016815256862,766461
30017092606704,237304817
30017157765948,793398
30017214298140,1073886
30017257685233,651554
30017370990369,65895545
30017556779884,65538822
30017600947811,866091
30017640133891,949266
30017824803989,139706484
30021805195296,805143
30021843305396,1090632
30022377339667,119081476
30022425743676,853290
30022817700223,173287655
30025035473174,1969410381
30025416461810,1072192
30025458137606,732879
30025498827577,835313
30025685526245,63977903
30025745140933,765545
30025853384320,786265
30025961000809,1296730
30025999363790,566230
30026051198803,10717588
30026101161855,3493068
30026202864118,65559768
30030227939726,65285716
30030277417696,861196
30030316482617,586617
30030416424687,64095910
30030519764015,65784732
30030568956882,845924
30030958817780,65320430
30031003514671,1202911
30031363680350,258431694
30031402324957,710855
30031502668212,842009
30031544869103,856251
30031591629383,968772
30031626215819,585610
30032265617469,924672
30032312260123,566192
30032722543636,192735354
30032981208428,1112713
30033261313143,1220093
30037384183225,173719017
30038029512027,65230774
30038259865613,183333735
30038368868265,65589913
30038582538613,173336130
30038800572231,936567
30038841585080,532643
30039069230961,844104
30039110610880,839173
30039295378962,65200724
30039576194266,238075319
30039679168627,888779
30039717002052,933147
30042957515373,970853
30042999062767,1205902
30043034677275,814282
30043136134029,743589
30043238106365,884166
30043399370604,3837715
30043500600651,64841182
30043539182756,834764
30043745659041,173208690
30043783678665,1018512
30043816520180,737512
30043916737661,1101011
30044015815495,830300
30044169559208,917742
30044604910774,1213651
30044640748241,662657
30044676474403,822846
30044882787227,174596025
30044980693698,65039798
30045027972946,821067
30045253692909,194137414
30045290418983,3807585
30045333794744,11214704
30045433172961,65720179
30045953716630,422193050
30046055533780,65616581
30046209890572,920528
30046589924561,173102333
30046690003171,833038
30046724821500,965339
30046888617138,65421408
30047112850917,871284
30047145789832,928441
30047490445736,312433879
30047523873614,785263
30047556932161,950470
30047654202500,65132607
30051652256920,65252397
30051751152064,65606513
30051957885755,174108052
30051991074895,879899
30052091716793,782322
30052306502542,793118
30052457947907,119466081
30052558762768,977502
30052716990993,800452
30052754554743,560264
30052847379705,11273072
30053000928117,989050
30053037487361,605815
30053273583341,923233
30053481883134,174797102
30053515625085,861794
30053724739714,174095585
30054233009268,460345427
30054280108917,1195352
30054560208733,65115504
30054659238141,64751437
30054760198896,1167061
30054861025529,766250
30055015093649,119379513
30055291586699,65551991
30056085636552,690870870
30056203402894,1103236
30056325739346,872731
30056370476554,729851
30056589748142,931099
30056623009534,970271
30056661154741,1205228
30056693996379,635702
30056731029687,994049
30057344377713,777034
30057448166697,65370272
30057658013323,900782
30057707040709,564084
30057861320092,118207140
30057960234825,65445920
30058122062065,128595169
30058357345358,952710
30058695322695,170627245
30059273192497,364987569
30059309109631,914177
30059343558220,642012
30059691284793,247717973
30059729687237,759328
30059767165230,3462181
30059865675780,64943020
30059901399767,753011
30059936436444,731874
30059971490387,1031263
30060006670167,630056
30060042547888,1071570
30060077326395,659301
30060175986993,65078746
30060226246536,714272
30060646990790,312212280
30060682681017,821107
30060910475994,128716826
30064855520008,819979
30065005475355,117822500
30065402330142,364346259
30065436046973,944250
30065471431099,724799
30065676787351,172720319
30065710784966,1208485
30065743204999,719361
30065851846711,75150576
30066060989116,921707
30066094244873,778544
30066520033459,393621625
30070362004348,3808338332
30072788653763,366275811
30072997159035,172738423
30073098263378,1237828
30073133089181,1097745
30073168249952,893303
30073267712032,65450703
30073303968866,929277
30073577265123,173215648
30073616581875,1173970
30073651807715,851026
30073819037987,65301526
30073854604885,805260
30074439212612,875339
30074647430432,964814
30074856161698,173713091
30074892846301,927095
30074928921106,838599
30074964366538,732541
30074997470289,668430
30075491284695,462396960
30075527787805,993485
30076137110085,906249
30076341018681,171225511
30076375351494,790177
30076552962639,64382030
30076588084375,853449
30076933764946,310619475
30076969507309,751413
30078966966941,1961855547
30079081875671,953347
30079365052302,65070995
30079594397084,931849
30079628004731,692153
30079661108011,717414
30080064921351,931407
30080100926911,772846
30080303492591,170596994
30080512424638,172832416
30080608895389,63811004
30080817868328,171886567
30081041280226,882044
30081074400719,628831
30081171782840,65129484
30081205227371,901757
30081303767424,777327
30081336875683,693273
30081434697147,65444670
30081534566866,1574428
30081633075336,65347525
30081666493207,1056977
30081819963142,1173903
30081919369256,1179724
30082018252795,823681
30082486524900,173826411
30082521928997,949924
30082620152466,890842
30082653953343,725138
30082688090227,1067017
30082897205624,173999137
30082931377085,766971
30083139747848,173467544
30083192764348,810267
30083293860300,814978
30083331119837,705131
30083431729979,829898
30083638536189,172891470
30083675549315,700736
30083711802806,812734
30083922417745,1139297
30083957260722,1012820
30083991946720,798197
30084377985848,998523
30084412875923,720478
30084448228987,1014424
30084503614159,21528718
30084541910414,750633
30084597904512,21479363
30084637688384,851197
30084844688839,173156356
30084881467490,882961
30084917671820,966344
30085083427609,65478098
30085202541354,1154160
30085366805285,64722697
30085865064213,461416569
30085912603440,1010137
30086137741168,868359
30086305452629,65188256
30086638623242,119326848
30086849601977,939660
30086927776482,740619
30087653269545,687201445
30091526890325,3822925530
30091590525771,11288943
30091635431847,10557150
30091846710751,851815
30091885248386,1066065
30091920184587,829606
30092021522679,963061
30092460791889,942000
30094533171229,1970733092
30095889716660,182983555
30095926525574,782555
30096428157628,3825358
30096463550034,877483
30096498574554,912831
30096532938223,817957
30097109016651,462069399
30097314999888,172751050
30097414124433,1064252
30097447266733,1024019
30097598721819,118907054
30097751747133,734969
30098209989784,416473127
30098373199645,64918143
30098475309900,3721903
30098508264002,1008375
30098736796951,172815735
30098860147009,776571
30099038491127,797712
30099072740077,983645
30099108106016,1035884
30099142358395,657968
30099182060255,814658
30099217353041,863645
30099317754928,986044
30099353991254,1034976
30099583683725,885743
30099618641236,936507
30099653224304,803445
30099688274428,876162
30099723460248,607546
30099824030112,896600
30099978881851,120907275
30100188657771,174540717
30100797296215,399639675
30100911837630,888142
30102950223569,920516
30103048348069,889551
30104083933412,687788917
30104654137180,738712
30104860328583,174040571
30104893912292,885587
30105174969645,21539166
30109091998211,750199
30109253773488,129351059
30109293858063,841487
30109358114103,893955
30109464334576,1154374
30109564401882,830636
30109838703528,65820542
30113793769374,1164185
30113905584350,786872
30118016561032,172848546
30118180770740,65761451
30118386394067,172701561
30118593173127,174065520
30118631677419,873302
30119048156328,366902212
30119553670901,65306392
30119587415162,716544
30119803013281,183046934
30119915763708,65715405
30120148677100,815627
30120246709179,866348
30120279864096,1058436
30120312644991,1028696
30120345640292,828662
30120575482960,65781135
30120785591008,925310
30120949084909,65053873
30121022443132,944872
30121119961470,64978837
30121219673587,65462906
30121426643616,173825725
30121462922312,796353
30121582328458,756950
30121615418062,839624
30121793687487,926586
30121851919502,989324
30122082625996,985354
30122118905547,771244
30122153798791,804068
30122687798398,419873998
30122923157697,924518
30122960282582,774371
30125007202163,863353
30125060854310,21385828
30125214907946,856683
30125248147776,857779
30125649327230,173648793
30125749220585,1082192
30125899633463,118047803
30125933470926,1000643
30126050849648,85317769
30126083908890,727651
30129248462152,3132365016
30129302207237,872059
30129761001878,1096260
30129794144468,688613
30130023393079,763024
30130056953517,930797
30130264290255,173283708
30132444742816,1971790521
30132687472680,194255799
30132720731399,1013149
30132929298054,1220492
30132964446804,813822
30133062300505,724044
30133096326413,683111
30133193134053,65122460
30133229086399,3636859
30133264577589,3582563
30133710623243,238133920
30134171302416,812534
30134334608073,64725918
30134398045348,21357465
30135015334206,193932427
30135048871525,853388
30135081056862,853045
30135112859635,702542
30139073277386,1088031
30139190434875,64735962
30139231650369,917310
30139450713361,118967676
30139832408305,173525170
30139934190831,65181741
30140037997875,1018256
30140136142982,65461541
30140169635152,874013
30140270747989,65216775
30140304631254,899880
30140510502147,173454381
30141497615865,237620548
30141538820372,903608
30141769287325,75412168
30141869967188,66150896
30142082013336,857127
30142294050435,173289198
30142332691884,914075
30142368045129,701845
30142470386825,65346689
30142505526417,831132
30142605919584,1011843
30142882215493,174090003
30143169108984,174246870
30143349656080,998164
30143471097214,83917565
30143575906800,943620
30144256323054,64876881
30144467044491,764834
30144586991323,907678
30144750228370,65312011
30146798085838,790792
30146895082268,64896832
30147277447596,173425893
30147314708367,847259
30147587909490,173955497
30147624918382,891498
30148091021966,312556175
30148126145403,1180685
30148280503570,846400
30148443798749,65188250
30148602046306,908420
30148637150181,701959
30148741088460,65299392
30148774293285,732636
30148943222007,1262484
30148976119312,706465
30149775374797,65184575
30149985871064,778585
30150084587221,65748290
30150187077385,3770340
30150396541153,973724
30150515906190,21378523
30150549212699,898778
28977434685077,1075897
28977708013851,66992905
28977753323362,11403884
28977853953959,67028440
28977889464848,1012858
28977989386851,66071195
28978144424532,1037184
28978352403959,1000478
28978508391998,121857768
28981715364410,3171880886
28982523595321,66236698
28982569686178,1184102
28982873782057,262947212
28982936565103,1087518
28983010221624,941958
28983133645576,66209283
28983177650301,1096670
28983228599374,1016929
28983291667239,1094950
28983409828080,965168
28983461483869,902684
28983571856025,1031029
28983684086771,65939995
28983907926692,175649124
28984217070246,197727364
28984253774792,1327308
28984297818653,968222
28984351297835,21779653
28984383928449,778450
28984416290548,757266
28984449127741,832758
28985181255464,697867117
28985286835768,67146023
28985393278025,67374651
28986187256380,697038062
28988238213411,2001890074
28988289896365,1094533
28991489173380,1068909
28991524598507,1706295
28991905291033,176302377
28992070182159,66736858
28992169568947,1052421
28992218982806,11417281
28992255142849,1031659
28992289557252,802017
28992323930394,853969
28992426866881,66159361
28992526946936,66242301
28992703570353,141985595
28992741981775,1119867
28992841078022,981565
28992876825109,1270448
28994887753524,974680
28994994444553,11518585
28995265662755,66593400
28995365171286,66346264
28995464942495,67020696
28995498256684,913850
28995703705655,1026722
28995802484156,66202900
28995838379374,1048945
28999766202542,3892298528
28999989957549,1052368
29000023356788,1079183
29000056775010,1010221
29000153522919,978182
29000186141164,723547
29000417077148,196695726
29000450800969,1050816
29000547534625,867283
29000645800528,993308
29000678870584,923020
29000711848474,986048
29000755251991,972957
29000853740633,1074994
29002885808879,1999635746
29002999459010,945253
29003521990214,318785556
29003620817305,65828867
29003654132355,878866
29004229200580,120417723
29004436089098,1026047
29004469108634,914783
29004502751275,945498
29004538097020,3836780
29004925626455,352852867
29004979942559,4052803
29005013656424,867001
29005048320195,1408994
29005083529671,1025622
29005119210449,1684003
29005157479656,1161695
29005192672249,978545
29005227149703,935813
29005438353712,177173408
29005711116933,66837996
29005746810590,1286924
29006134029835,176763233
29006533822710,351948128
29006709499465,943177
29006745487757,1019795
29006783004992,1034749
29006937540201,1250099
29006985940370,925746
29007020567889,1265473
29007054276172,926117
29007153695296,66326440
29007189252555,1319857
29007294385356,66268118
29007329521359,1230854
29007533561609,885411
29007633499553,66332430
29008316967842,1255781
29008350713073,1003530
29008687902346,186516803
29010715801993,1350412
29011244328753,429517886
29011343777576,66014282
29011618463433,176276992
29011834827661,1105098
29011934846728,66749679
29012142510109,936579
29012719701269,1079601
29013239960358,66685458
29013421164640,887075
29013453914398,948780
29013486894878,1364581
29014092367184,573329217
29014302675855,176503798
29014399735695,912362
29014443439387,1067619
29014652216151,177015181
29014861845561,176887283
29014941417303,1016854
29015346074077,1181433
29015556429448,175427441
29015592726472,980751
29015627953136,1053700
29015794128898,66557076
29015829872493,1023537
29015866511869,912501
29015901051972,943317
29016398894682,986822
29016433712085,1028220
29016468873828,898785
29016505710492,1005466
29016544139468,1233069
29016578802559,988277
29016614750456,1460915
29016735955147,87342059
29016772089351,1073492
29016939444339,950462
29016972399351,1312142
29017008250929,3898216
29017165266766,122419109
29017334840004,122703930
29018130658826,698660652
29018406624681,178342691
29018440259956,939849
29018711530543,66250175
29018814353771,1053311
29019120058135,953294
29019154344044,897236
29019199731178,11408693
29019300226122,1326547
29019574591821,67077803
29019741336111,67075476
29019776498821,851789
29019811585953,990295
29020086055634,66726518
29020375203637,66953525
29020412681012,1169574
29020631814244,991272
29021035791020,122002815
29021137576020,67070939
29021189844038,982315
29021400461661,176042894
29021502113753,66736345
29021539629004,835407
29021747679515,1227725
29025627588233,1159024
29026366068719,703527160
29026409070192,3837033
29026564281131,122336290
29026598182593,983092
29027329623422,353903302
29030520319097,1238143
29030677602513,122564289
29030845114317,132265461
29031334805043,142310374
29031502825928,131667014
29031715334195,177657024
29031750637312,1291352
29032245954439,1046547
29032347268415,1111130
29032578717204,176344737
29032800853165,1009091
29032834721800,902945
29032932658301,1245724
29033220096229,67099179
29033327497188,66068300
29033360859531,1000596
29033738890344,1122541
29033773161880,1132798
29033808682776,1058246
29033909587971,66368989
29033943965282,1005358
29034396994275,1025374
29034617825178,924238
29034717882366,66440306
29034946389106,1069959
29035244219826,263599388
29035465885723,187137646
29035501386896,1085138
29035604105458,3905342
29035769615762,66506659
29035871362838,66516024
29039864324507,3892596945
29040283012278,11387435
29040380931217,65816127
29040416259189,1302698
29040660763184,174901190
29040696054581,959181
29040729881475,1177423
29040936538026,1051330
29041055942936,87406379
29041090499082,1235646
29041473308196,350920074
29044684579337,3177917112
29044741894782,4099233
29044778307254,4016484
29045127933846,175704073
29045161771196,992160
29047194305251,1793400
29047401151265,1104225
29048099506441,350832750
29048622813292,425443778
29048725791207,1032146
29048759582398,1251611
29048860307380,3948049
29048958658230,66187729
29049152337984,3965300
29049569820659,370371425
29049844257409,66903437
29049944000048,66421964
29049984088344,991368
29050017614493,1043955
29050055084649,3927931
29050089152908,907529
29050299948764,1044371
29053501834396,3161144116
29053616823948,990129
29053969694415,1028359
29054002245495,1032705
29054035460526,1361681
29057927687757,1202839
29058132893480,1236411
29058295662550,130614056
29058468802320,1040687
29058501684144,1022193
29062594157418,3884713504
29062659161027,937067
29062946841315,175819676
29066939737921,3884989646
29066998124248,1103798
29067030702718,944723
29067183416096,120744566
29067217350428,1014553
29067370663993,930501
29067579320296,4000504
29067677922385,983028
29067852376176,141996413
29067887651563,973108
29068616515104,696197669
29068716145554,1052820
29068760184836,11543164
29069082988362,121036155
29069194298918,1064831
29069412143962,121391600
29073537781799,3884505492
29073592776758,1036254
29073630579169,3983166
29073860890463,195392636
29074071832887,175445190
29074105293704,1002849
29074275761294,65818448
29074655778989,175537999
29075090758819,401670686
29075246137341,121558199
29075280542154,907670
29075379440857,66449327
29076185968119,195842188
29076223984338,1227877
29076515547111,1040061
29076960188396,400539358
29077065234089,66041494
29077163881975,1049278
29077202211030,1038048
29077239588955,913980
29077337859071,1061239
29077437484686,1357725
29077474148142,3949354
29077581315071,66409226
29077616005312,1069773
29077649256584,889753
29079677949668,1996073187
29079733107693,1049842
29079766726361,1020759
29079981443650,1042633
29080016914241,1068147
29080221049307,915366
29080425841880,888941
29084462813899,3881824373
29084520663521,1073454
29084727198227,1006011
29085125753047,1000187
29085620965348,1032185
29085828163034,1099740
29085861758118,1087590
29085895034410,1034755
29086297504091,196336508
29086680631171,349096677
29086794630437,66040230
29086839465188,11421400
29087069035046,196090293
29087104324897,971800
29087138241213,1001159
29087173316341,952570
29087207757290,1054380
29088112647131,175576351
29088320196596,1062419
29088355490415,1082127
29088563528445,175709096
29088665313292,65886481
29088833664475,120407305
29088869302434,1119397
29091027301983,130872604
29091062919706,1006950
29091227685711,66060273
29091435864201,1036944
29091649366954,176063272
29091771255405,87211842
29091875577292,1040197
29092095779896,185728632
29092528107011,905863
29092695617333,958892
29093159319215,66888090
29093193672385,1081526
29093226470528,885604
29093260042704,1302848
29093487444843,66607487
29093780863447,1107933
29093814200417,1064593
29094020428027,1087466
29094119228507,995524
29094153738187,920387
29094254638363,66828840
29094354352344,66826400
29097734452712,196299297
29097770333695,1244284
29097929665638,120620897
29097966232776,1077348
29098067576695,65800791
29098169883758,66070292
29098207325817,1136974
29098242050320,1203557
29098450333937,1208338
29098485550115,1036384
29098694827023,175235897
29098731926221,1103078
29098888154908,121026400
29099320882334,1011132
29099356063053,1204492
29099664569793,1067412
29099764887378,1019001
29099805351331,1054324
29099972926276,66065663
29100011617312,1313397
29100687994838,465098608
29104672262903,3884641337
29104966628699,176695914
29105001618488,978920
29105034999453,988738
29105068282482,1040420
29105343084109,66568427
29105561378301,121088849
29105595207125,1113080
29106093659280,466384202
29106312601084,120923419
29106412465355,66500355
29106446805394,1054396
29106554806404,951573
29106587826186,988321
29106873325809,65806379
29107479827314,572371278
29108214386952,696103737
29109239801769,577714598
29109888732707,427434530
29109923643007,967749
29110309396210,352813512
29110616611729,262735355
29111077551467,427336318
29111230759240,1139340
29111845624823,1211425
29111999516656,1150367
29112034792761,1430291
29112072034991,1079858
29112106893554,1081240
29112142468677,1271893
29112352352387,175868058
29112465149176,1245396
29112564312901,1328939
29112837755291,175389544
29112874710844,987466
29113038279550,1178025
29113138579868,66326172
29113177018546,3932616
29113277176840,949451
29113378594170,66702520
29113478760845,1112024
29113515548845,1016567
29113958824414,1091124
29114165820737,174409983
29114381023445,1019693
29114543012913,66163666
29114640658751,960152
29115015777867,1120070
29115179163431,66484579
29115281492939,66667667
29116012394277,697460479
29116060815573,910413
29116166751970,66200815
29116203483134,971877
29116412356988,177450446
29116513702561,4132712
29117245209121,698533817
29117747416585,468161573
29117781208721,964360
29118508103096,1029138
29118544606716,926368
29118655425828,66111461
29118705158070,1175777
29118745238189,1016732
29119484198365,698703376
29119520094451,937562
29119618050396,66038102
29119964019328,120650871
29120314009890,316288673
29120523449985,176049751
29120639050834,1167461
29120741401522,67788770
29121341190068,1050506
29121551285516,176017252
29121589505070,1102832
29121624941841,967213
29122233581162,574390250
29122333146719,944520
29122368659442,1077577
29122471115033,1014908
29126393433046,3884985791
29126448848750,4006305
29126547443157,66366569
29126582066931,1403119
29127263571783,120948944
29127429218165,66413437
29127467266790,1118733
29127739245200,175030945
29127837826891,1062985
29127870972367,1091173
29128084597867,1079631
29128377073703,950515
29128490156867,1096756
29128988629037,463747790
29129198694578,3943851
29129236391984,1051832
29129704507771,315794004
29129740842846,1069320
29129841853593,1056220
29129888520280,11641156
29129991087766,67262431
29130202553601,177005987
29133367965585,958709
29133486759494,21553158
29133584897559,65682811
29134676676596,694121148
29134778060788,66544704
29134811558555,967546
29134843527183,762166
29134953502346,66074377
29135052797181,66004978
29135086457747,1025794
29138955348397,1070976
29138988788457,1099782
29139545559006,65941675
29139578889702,1009170
29139977936956,1052182
29140141934145,67160675
29140175424100,886636
29140352413376,141870970
29140569395874,952601
29142601973946,2000408633
29143195994909,131469638
29143296490276,1062293
29143395478233,1424087
29143601567255,1028733
29143649458754,1053331
29143702972160,21745515
29143735867369,1063372
29143835077958,66249160
29143868281682,850033
29144243044765,1017609
29144278070072,1336476
29144312572139,954472
29144345589243,780396
29144443161800,901515
29144542306055,1050092
29144827073519,66178175
29144861047580,1095338
29144958975662,66085975
29144991662932,1006742
29145744521011,262933367
29145955236221,176205189
29146055700620,66253400
29146155106638,66524126
29146188755925,865589
29150252819113,177913315
29150285807623,892694
29150496189126,177795801
29150530369107,915819
29150564142157,958072
29150598463460,1337706
29150807746244,4000246
29151386277203,543541895
29151421581987,936373
29151631933426,177671924
29151669858479,861883
29151834026958,66456347
29151867922580,1202833
29151966441314,976673
29152359921964,1066470
29152399595215,992278
29152563086629,67130461
29152772190088,176458111
29152808727513,1079225
29152842807873,1265720
29153010751936,67177926
29153066337080,1016696
29153099132305,820977
29153369918379,917522
29153406242541,952296
29153570439087,66564742
29153604508111,921087
29157485706974,1205839
29157987769070,467669627
29158107795012,87129373
29158226281891,868693
29158325890941,66670608
29158366021931,1180302
29158466607719,3926409
29158505859493,986193
29158538827423,893619
29158571694021,1016047
29158609158572,1035695
29158643205665,1091700
29159248525179,1000672
29159458912168,177440464
29159678941674,1344166
29159712118729,1178452
29159784543958,987787
29159824331220,936935
29160032085381,174787965
29162053914155,1988167029
29162242954415,140938563
29162279232162,954768
29162660572584,349165896
29162695041041,1152935
29163268526147,348165648
29163453544560,86874806
29163552478038,65706729
29163652140797,66410349
29163696263846,1415816
29167591637139,1056768
29167800973273,176790494
29167837517216,982316
29168440920031,1072655
29168604408146,66374159
29168812052650,1212442
29168844982116,985128
29168878127567,874631
29168912034866,1065931
29168947506644,886388
29168980600869,956439
29169013902616,953556
29169068558998,11293748
29169646100666,121527275
29169700072615,1032561
29169978541158,66748524
29170077046629,1050119
29170110087826,1058708
29170719353923,577021053
29171324389198,175958557
29171358154383,1325439
29174862630120,317672565
29175331291807,176322621
29175616018004,245308998
29176192333398,176874046
29176803022073,575741755
29176865263328,992122
29176911292665,1080834
29177318020880,26688189
29177417516369,1246680
29177456757370,1042340
29177559487107,66570267
29177679460956,1087450
29177714481510,1188874
29177926442395,176538402
29178026987731,1290434
29178177013391,110290712
29178212842304,1004999
29178247948419,989355
29178544025072,197843932
29178589021738,1282052
29178629649783,971511
29178669269209,880896
29178708010694,1187157
29178918396497,175032802
29179280804139,121615500
29179689846916,372710413
29179727417669,4047623
29179760873832,1101892
29180034040333,176932766
29180067719024,1069788
29180165012754,1145647
29180198317104,1015476
29184129307548,3897117119
29184251702063,67015515
29184528940336,177155850
29184739042414,176077329
29184773866854,956137
29184882176590,76255159
29184980819303,949163
29185331845703,319026159
29185761828106,1120103
29185795455212,893247
29185947594820,1071206
29185981042021,1179864
29186079530062,1204026
29186288800755,177060100
29186400282532,1009623
29186498608065,911065
29186597060480,66039207
29186630973154,1284444
29187123794546,1039323
29187222960483,926596
29187396077720,141388857
29187605112215,176431202
29187641030892,1180831
29187675216750,933730
29187971558319,177547566
29188444447134,67009993
29188883573750,981501
29188921899814,886765
29189275146429,317718205
29189311405526,1013894
29189411352797,1141094
29190262924873,253162179
29190391142674,1079366
29190600996401,1076061
29190648469325,1186752
29190804199449,1337158
29190852539332,1330366
29191063717530,993125
29191109900130,1029523
29191221892594,66488759
29191266839643,1258582
29191494045270,66003622
29191939628355,176945403
29192003180125,1057919
29192235439339,66872180
29192357007703,66854603
29192531382454,121477803
29192575881626,880298
29192623781819,1125230
29192739972688,1100080
29192856715138,4005800
29192908634795,908911
29193019252961,66152946
29193063286580,1134536
29193281584960,97855669
29193340744251,928842
29193567372253,176430261
29193627398736,1093099
29194120101307,318251222
29194249380012,1331434
29194942987301,1102134
29195185637067,175126539
29195253335488,937955
29195364100448,65522659
29196786344298,698859123
29200998575339,3897676048
29201069820501,1046951
29201119710559,1084602
29204418337739,3189461340
29205499766176,1136852
29205547823713,938514
29206008736266,4128128
29206048915110,1006711
29206175918370,3837790
29206349116235,67299293
29206976003529,575901285
29207042410068,1175009
29207093719122,1027102
29207528736308,177276426
29207785708085,131199789
29207955931703,859317
29207994285931,1265175
29208157985955,121540785
29208314497048,994155
29208647861979,65732499
29208912549295,1024424
29209216319868,175861632
29209253220145,1058632
29209287990750,980319
29209446175530,121387158
29213370736359,3883348112
29213451737970,1259996
29213498155181,1024643
29213712322557,1152993
29214075605979,86867181
29214138385470,11386967
29214242030362,1228420
29214834081161,466474161
29214868857447,925504
29215089713618,186272101
29215310702654,175317964
29216071842623,950166
29216116593357,916483
29216157512477,1333079
29216582084025,66432774
29216617701405,961092
29216857866964,886366
29216902272745,3941528
29216946562667,1075504
29217352901117,369973355
29217466225717,1024659
29217597880156,87346899
29217647043538,908240
29217681686844,769431
29218407850796,86706936
29218854015134,1175028
29218903208465,952074
29218947968862,920659
29219718633712,175451769
29219821422779,983888
29223261262892,3165254809
29223390504797,66058534
29224136134741,11506836
29228071995440,3874889504
29228136551738,1086217
29228245673452,65751787
29228320175175,21760975
29228376450977,11384702
29228434030582,905681
29228473631332,911295
29228883566671,1083516
29229433081737,120879637
29229536688866,65973178
29229593537889,1060974
29229879354638,66213534
29229984167483,1020849
29231291873296,1076642
29231408873569,65838976
29231459169316,1046972
29231568603712,1190796
29232245663097,66748293
29232505450008,176286676
29232560499768,1139105
29232729259715,121868854
29233061397841,66310231
29233180681875,1091728
29233286390963,66287509
29233473338384,66969706
29233759060396,1077273
29234201881634,1035637
29234241346884,1050817
29234779437472,240253366
29234832133272,1042120
29234883564597,954697
29235075312297,144996541
29235240401657,131071363
29235292407317,979305
29235344617841,1059775
29235612763575,141819071
29235649016009,919300
29235880017144,176609000
29235929056343,999618
29236103881546,66338711
29236322728084,924966
29237198517825,698436886
29237255344737,923007
29237311129838,1311244
29237431939172,958263
29237554034939,1042525
29237616126348,3949737
29239663784125,1996939881
29239932543264,121572988
29240149566521,175653382
29240500584621,67005693
29240548071955,1039856
29241288922378,697864735
29241396703569,67093279
29244663807860,66267871
29244703650142,1010881
29244741539601,944920
29246787600879,1328552
29246840948585,1212012
29246945238675,1015186
29247601301579,1128571
29247790713214,1408364
29247834599770,1212569
29247940300002,1399352
29247986958773,1087678
29248296885289,261887772
29248513291846,176623402
29248551288117,1065023
29248723352329,66383396
29252702963239,3905576857
29252830800049,1154309
29253336747499,908605
29253375636756,1238700
29253845409726,426002592
29253894408645,1036110
29254414584181,468391665
29254465554906,1009574
29254878309372,66332591
29254992304615,1081908
29255031730836,964302
29255753822626,1094936
29255829971848,1089501
29255885235043,1190816
29255944061071,969613
29256134026457,76763823
29256183395619,892274
29256248348299,1126083
29256290800336,860311
29256527656958,1043528
29256998956388,427292428
29257108175536,1348107
29257363167268,196313668
29257405198062,821425
29257532583111,1260642
29257579290339,1110058
29257633038111,928785
29257863344074,187047415
29257921665030,862708
29257970794330,999680
29258086182110,66245806
29258135665733,1074467
29258466674069,1058215
29258522827277,1187270
29258580528306,6936213
29258748778522,131647766
29258982104617,4003027
29259420939052,1049208
29259468059352,1240099
29259579105893,66782347
29259626024779,867447
29259667471637,914920
29259718253508,861198
29259983204598,1027138
29260039099727,1045969
29260258458871,1085742
29260296298046,898765
29260595470397,262381202
29260652595927,11302757
29261135140479,964304
29261437272649,1090448
29261486050152,1021537
29261538706484,982939
29261580893251,974400
29261764977399,67180494
29261882913731,1119953
29261922182154,920656
29261962376728,889253
29266056596361,3899232393
29266125187085,965944
29266539939712,372183959
29266700430227,1016027
29266924837140,178411568
29267335524499,197805662
29269695088861,319037205
29269738470691,1077265
29269779304095,1235194
29269893651279,66546796
29270013148830,987767
29270136236483,66482446
29270242010289,66358125
29270282648416,955020
29270321023065,843171
29270380802507,1121002
29270419815122,1124756
29274423921498,3901998004
29274552682462,1115926
29274597902683,1274718
29274634641255,954779
29274734056302,1081192
29274844990166,1015618
29274959418667,66625148
29275278836855,1057938
29275387679303,66882783
29275682835317,1096628
29275785714113,66855155
29275822698921,1153009
29275866077967,790924
29275909787626,975169
29276520139950,576937000
29276593733336,1158625
29276811065470,178108844
29277259181707,1104602
29277544168832,242139894
29281457732913,3879900557
29282238284169,533764406
29282356172919,1032446
29282582064920,995871
29282693243602,1060385
29283078173397,176360672
29283120083586,1002497
29283347440872,187134444
29283392217740,1097816
29283495504946,66308966
29283619512474,1087018
29283960680524,66097873
29283998956683,1085681
29287218123530,3183786408
29287275860935,1095497
29287317999661,1325265
29287418975972,66802044
29287521043078,66935814
29287675693685,121496821
29287720602660,960887
29287823162400,1277603
29287856054329,940194
29288066379695,941955
29288100561289,1058759
29288199279104,65778147
29288299338585,66288447
29288452931137,120928472
29288886900184,400993501
29288923754712,924639
29288958052790,1018457
29288993369164,968553
29289200559356,1179493
29289312207061,920550
29289344634997,913940
29289571589950,1069125
29289607387003,970611
29289652350854,1399377
29289815958596,66286595
29290274598734,3968012
29290493589066,121369325
29290701248331,175091423
29290973805250,67224850
29291007759741,1412715
29291106530997,65743096
29291381953751,175914182
29291429868145,1039258
29291462627157,966124
29291808192356,1073575
29291840782854,983771
29291873801760,1066713
29295850814712,3879665694
29295970640654,1098930
29296068738811,1149294
29296275201823,936120
29296374161107,65875581
29296588701686,175414848
29296623748466,1365094
29296840495884,66040642
29296999019373,120858735
29297035315355,1082405
29297121093648,1070616
29297284636981,121119628
29297320870588,976065
29297540616896,186856659
29297591767331,1435560
29297799416708,1037196
29297835572229,3909478
29298056762900,1073681
29298561608211,11295882
29298778370964,176861058
29298878604740,1081903
29299042801676,66271162
29299144034332,66822611
29299179139554,1166940
29299509526260,176654442
29299678382130,66973534
29300485797541,67522545
29300608467504,87697046
29300650647114,886071
29300872410066,177319103
29300907100183,1090294
29300942732004,3801921
29300978113974,762722
29301013385589,962005
29301623061284,576088343
29301662380641,878872
29301941554703,177015178
29301991701018,987897
29302027829799,874771
29302179632995,1182624
29302277972043,932198
29302639899769,177141740
29302808338076,132154940
29303189363187,176327279
29303592155676,970913
29303627123714,926595
29303727087791,66614707
29304012951620,4169562
29304047487805,988713
29304084807961,940778
29304184261866,1035911
29304219210011,1047828
29304254277673,880253
29304290055069,1154569
29304325485838,1251914
29304360768822,1141377
29304394941039,753812
29304509561409,1050258
29304612880031,66192295
29304965716820,1220726
29305065474667,65998227
29309120005794,3892001503
29309172228737,931525
29309322859016,1120421
29309719833693,1066000
29309753338897,1292988
29309789129306,934788
29309994366870,996373
29310027584575,704007
29310060126180,920779
29310344522272,176201208
29310378562785,1057415
29310411089608,841450
29310838286457,1040340
29316689006975,1990457363
29317107459523,1377968
29317380627602,66032143
29317415994349,928150
29317450947249,964579
29317486004468,933247
29317586093906,992854
29317687404694,66398887
29317895979342,1049689
29317934724388,995527
29318037307792,66799130
29318137755776,876738
29318707302372,535620262
29318930924333,176062580
29318967377297,4056393
29319176901953,3998130
29319213094202,3883231
29319246900854,1194278
29319281598706,1262276
29319313976437,805683
29319811630355,3916935
29320419895878,575662615
29320454597561,891740
29320659036992,1082725
29320758311791,65790982
29320871117893,1103459
29320907224570,1165670
29321252477688,1167636
29321287558617,992738
29323365594779,65692988
29323583595562,185991771
29323878055789,196752674
29323911243827,1043278
29323945369667,925197
29324348336251,371203308
29324384998347,3966890
29324417606484,826009
29324624245634,4074535
29324829989674,1089537
29324930694387,1353552
29325310694205,176401950
29325358496976,1053184
29325391550829,1243577
29325489091575,908159
29325587504585,66319734
29325620970984,990160
29325654027671,1035170
29325817271427,66347287
29325852493518,1027406
29325950369082,1046711
29326103325618,121024853
29326202628737,66232662
29326301832455,66257574
29326596962639,262620703
29326804479762,1302779
29326904095259,66065221
29326938197098,1702530
29326971880453,1025165
29327008013923,3881310
29327214783367,925937
29327251210094,3883199
29327475263701,956875
29327576547888,66899045
29327613498947,1030871
29327714094700,66122927
29327749689025,916539
29327957561026,1034250
29327994346577,1000092
29328204816788,176042193
29328240169611,1001574
29328275218204,1030028
29328659194571,350340265
29328695934140,1034318
29328731170120,1003457
29328765971598,918535
29328821455399,954782
29328860295211,1166813
29328915980524,876905
29328955467723,955065
29329163264958,982484
29329199827234,1006562
29329301312602,66916302
29329468010339,66531246
29329585747598,66229334
29329686068115,857407
29330193832569,1334956
29330417135307,187620823
29330522650376,66449275
29330800492329,176818691
29331131993526,176079841
29331168091759,1298044
29331247796830,1011536
29331986859163,1333146
29335863265161,1456838
29335908677599,954532
29336129282052,177067972
29336164827790,1295982
29336203238461,1063435
29336304317699,66843288
29336742957488,404505400
29336844039539,66095131
29339989505088,120481325
29340209699385,1180515
29340707901815,464348669
29340746339270,1050167
29340781532400,1112056
29340815971189,801892
29340915757248,65965330
29341426474590,1010637
29341697551766,65586217
29341730926055,891173
29341763935115,989977
29342035332117,119980648
29342075355054,1118198
29342592654503,66124215
29342755509537,65801990
29342792278323,1014375
29342845781873,21613977
29343142455765,66455308
29343319861698,141805096
29343355913919,852452
29343391170110,1073544
29343425689188,993484
29343465224329,993261
29343500759333,885943
29343600346384,65906237
29343635762489,1008406
29343866189229,195265532
29343901333005,935182
29343936348988,1006969
29343971071153,1013313
29344005948885,1009689
29344106582747,65680708
29344141799009,937994
29344297942431,1211716
29344680997305,175019463
29345195625255,66986729
29347217137689,1988762277
29347332164150,66230350
29347680380128,316041874
29348937064160,535885603
29348970974538,1063003
29349177755441,1248525
29349438128652,1183017
29353357913890,3866041919
29353409061465,1028230
29353576547643,1368547
29353617014374,1031389
29353747387145,67288527
29353847830109,67272781
29354057018885,176245151
29358042594620,3886721269
29358188241884,65922336
29362108616077,3879117732
29362399511903,66664497
29362497810354,895038
29362703998304,1222249
29362910908428,1341724
29362953795017,994192
29363772395703,403227671
29363871404619,1306126
29363904372406,880273
29364120409018,1053036
29364429848857,197894276
29364530434272,66015576
29364563648407,916868
29364596493494,977061
29364629323995,998034
29364793921711,131830693
29365068946982,177245815
29365168322591,66799727
29365306479814,953673
29365339791313,781053
29365437172387,949842
29365537464372,1179529
29365746236223,1096853
29365865929798,87377271
29365899569545,1358616
29366075977179,142566512
29366121060664,11438742
29366365013810,196564147
29366400466949,1042642
29366436316213,815816
29366536672281,66031247
29367202404224,196544330
29367243346056,1018735
29369273676219,1996168811
29369324402944,903900
29369498178405,121379064
29369532128890,1260528
29369759719762,186713739
29370032057738,66363321
29370066100755,906223
29370216825496,1080305
29370250193200,936129
29370367908522,877538
29370400482865,859232
29373586050730,1032337
29374043905192,425094375
29374078161818,891382
29374306595920,196546675
29374340703151,1028388
29374374224019,1013372
29374757019581,176407495
29376777985932,1042285
29377004718036,1071556
29377212386120,176033517
29377248601912,890947
29377346015566,66042239
29377379051714,861512
29377412838643,871361
29377510249486,1001071
29377545849006,920484
29377756856031,176487460
29378454179300,426879354
29378553930030,66487326
29378656243409,1080524
29379091573367,373315184
29379332783627,1099515
29379365133838,771631
29379397085107,581029
29383311448709,3882916686
29383395953188,919461
29383509726062,1065405
29383615747332,66359588
29383942652030,175700256
29384152757624,4004893
29384321367793,66551710
29384355128246,1332270
29384453467275,1107055
29384489271285,1127661
29384588060070,1169181
29384620854587,666769
29385526211868,699484084
29385817823742,1055133
29385976829344,121103478
29386087431030,1055846
29386363147374,176092602
29386404338747,3899387
29386615418685,4157917
29386651091150,931928
29386688881759,1135905
29386788452606,921578
29386888068939,65897105
29386989575313,66615861
29387278020837,77597172
29387617997561,131508397
29387669270336,3933725
29387852999740,65752231
29388472013755,575581034
29388750224409,177002310
29388870457144,86839836
29388969189678,66114048
29391065276456,1998219024
29391115149060,944072
29391387301891,176114508
29391596993608,904623
29391697453922,66569891
29391907967905,1124907
29392062311654,121782331
29392408577313,1293134
29392563863877,121543030
29392662677775,66184778
29392880888861,121050847
29392919092263,1299035
29392954950722,873657
29393058149735,1063206
29393226185347,122010814
29393260188842,1181661
29393991305783,699510399
29394269311778,176174142
29394303089996,901918
29394467724406,67024885
29394679745911,176968565
29394779054260,66552035
29394832799417,947183
29394986248234,121184793
