30405133963156,65182790
30405232881305,65116609
30405249626895,710421
30405278989471,11048540
30405295702627,660079
30405330451845,876419
30405470412979,755387
30405486917358,797212
30405491537628,5360462
30405503166294,658383
30405572784914,825938
30405606122557,725363
30405673958988,764305
30405707338829,894266
30405739817675,623187
30405772826599,888741
30405806299002,822749
30405838944043,742204
30405879514526,603407
30405921737869,817229
30405974996645,829915
30406058980003,84761712
30406083320816,8283280
30406170035957,1105366
30406213119002,651801
30406216637873,4143013
30406216991743,4531589
30406233103922,782371
30406249494396,476381
30406267232154,880129
30406283105756,617042
30406299430247,781852
30406400273403,1129679
30406461278899,31417296
30406508922678,79129719
30406526255688,1082223
30406546388027,1082233
30406903317500,862688
30407271918914,335702500
30407414702045,125966597
30407557757049,127062042
30407606978590,752525
30407657046424,18649228
30407658120917,663117
30407675260118,607743
30407694890164,3392798
30407712275308,928648
30407729965033,1124953
30407972996921,921946
30408137321796,130471933
30408173510310,1196244
30408495069854,133007762
30408513390601,1169130
30408792651956,766591
30408903419199,111468222
30408935303954,830153
30408998242457,663939
30409025507127,976728
30409060937264,862996
30409458007727,930308
30409493769253,1166349
30409555511591,26275346
30409590928608,769167
30409625666266,1190752
30409789212313,164676227
30409820677825,763864
30409944854974,92450838
30410095329274,115704682
30410128863495,886203
30410161708793,729095
30410207038923,13416311
30410216349596,22767793
30410259434291,1024268
30410415172438,156702549
30410621590968,190364133
30411163222346,508556051
30411181686359,731715
30411283778803,912298
30412153462933,936715
30412185697856,736145
30412219535724,1155271
30412261400670,7659847
30412358550645,104698630
30412389411633,863047
30412427005097,756288
30412462946547,616785
30412495442724,829723
30412527999348,814353
30412561019336,894678
30412594198927,857327
30412627449700,782125
30412660280082,777464
30412761555373,101952310
30413292564063,510794835
30413336639754,857069
30413890599559,514665339
30413935451873,27101520
30414182688455,209537014
30414234458184,741492
30414267216903,1114651
30414294368811,28124112
30414314927806,13892598
30414332228876,638202
30414350201446,676821
30414367533187,686179
30414386821180,650961
30414409462650,1044913
30414432037183,23574757
30414449409773,1038569
30414470784491,757467
30414520413573,934756
30414565973181,768634
30414869285217,810935
30415217776654,62935898
30415358569988,203776240
30415390982477,1012406
30415858533400,468465743
30416006075756,129376981
30416368978009,345713490
30416405902142,1142372
30416552601601,127286492
30417731185871,708989
30417763541784,655646
30417796004201,590588
30418079573190,284058239
30418097197411,907394
30418200654085,104261353
30418210507382,114186036
30418270281874,25601696
30418315321517,779328
30418332548464,683843
30418357608757,25694697
30418375200047,737982
30419143395435,734395014
30419273178494,842615
30419328173608,55648955
30419361412473,756604
30419397355415,976261
30419497599044,65918459
30419557615085,804504
30419591902723,795927
30419624980265,743061
30419804169939,860285
30419820557000,713170
30419836736414,704658
30419855964511,3505072
30419872044713,546193
30419888297226,685372
30419904450063,706193
30419921184614,984811
30420088168911,791916
30420122703285,720916
30420159471856,765425
30420188586922,29837679
30420205522173,937152
30420257327620,52680451
30420338921810,64565386
30420768442932,65319836
30420865552260,852137
30421074239445,173926376
30421257686300,65367392
30421318561437,694704
30421367676170,15093290
30421574068090,173759521
30421809959779,194136641
30421869909571,254102027
30421873801386,257993616
30421887943979,1130516
30421905296441,574305
30422095553711,173526401
30422258142531,788039
30422303672510,11066462
30422531443761,840813
30422564758433,830195
30422657572186,847173
30422689682987,32893585
30422692886526,36142467
30422710389913,678004
30422940454846,185421356
30422978404055,3623957
30423141242142,166389151
30423159218006,851498
30423176360207,585710
30423555868421,329710547
30423844247821,891777
30424248274329,404812809
30424279015258,842237
30425272570930,1163474
30425695502451,424009259
30425743544935,720807
30426059404224,102021614
30426188534135,112522972
30426223894712,849201
30426623800860,365807350
30426646847511,388887104
30426815365916,955476
30426993646630,775435
30427046478293,19110270
30427095682482,836885
30427126491704,860690
30427131387689,505470
30427142845344,526065
30427402082073,761940
30427731049869,304167526
30427804158434,1214871
30427884492803,50106784
30427913728054,904012
30428481178419,230273339
30428553042092,302135886
30428570533661,1134945
30428765867617,94568206
30428829531594,46603367
30428905389117,740104
30429116440110,211736371
30429137638499,828905
30429171280981,668343
30429201256840,1045498
30429547293513,346995836
30429602591911,1031660
30429636441955,643928
30429682813990,46952585
30429699930389,1103107
30429732523830,841216
30429775361181,944510
30429810734631,3784249
30429845799353,3389890
30430083291080,109972376
30430114964837,782888
30430640969498,197035980
30431006548157,104575920
30431328465223,426509330
30431623739657,267901002
30431656860544,867506
30431781500212,744834
30431809354801,28561373
30432020978319,906055
30432120302511,100209073
30432514162746,912832
30432645701142,132390507
30432666267246,3574962
30432702876648,1009331
30432737642081,1210243
30432755123427,631503
30432792029494,692398
30432958852618,167437547
30433385888321,253800005
30433423803330,754289
30433465972832,730206
30433467537180,2263499
30434064696742,536420815
30434112259193,761831
30434842963666,315099820
30434892214466,876302
30435535809068,609863616
30435610826374,684889907
30435628083052,794252
30436100038185,440193832
30436180008201,520162868
30436581592597,383250616
30436897046189,808176
30436929823315,688492
30436967580384,895409
30437585205646,1086092
30438318750013,701581542
30439390894531,1018604016
30439810308146,379076780
30439844445076,874603
30440592517726,974915
30440604071220,12282107
30440753865865,971389
30441080957756,261680770
30441934149575,345300968
30442033279639,66351782
30442346803811,379911821
30442720169464,357205367
30442752407839,746524
30442786721929,849786
30442834222163,3673761
30442841265142,10424445
30442877256683,892827
30443199816390,323396808
30443232731592,829181
30443516036500,248676505
30443942852232,891779
30444007740425,987941
30444142335898,135480529
30444182407020,931511
30444203782520,22273220
30444215785434,835240
30444854386141,787515
30444935689206,876996
30445895858609,880740
30445914159353,19132872
30446174904418,244821969
30446215758931,3690634
30446250312868,687255
30446273492526,23756285
30446307334472,800530
30446342479033,1097582
30446378856931,742078
30446471966933,93794482
30446499042834,994223
30446518710950,657143
30446541602699,594843
30446560659270,728395
30446603511261,791795
30446784962452,867522
30446785883670,1557029
30446818231608,722030
30447263484110,395652115
30447318947837,451138480
30447335784907,786128
30447429439563,61680559
30448025680933,107336586
30448058720491,726995
30448090825337,810118
30448750905034,628575734
30448932540579,810196323
30448966063782,892294
30449042197260,76934877
30449072849017,901765
30449253722656,181709702
30449270695247,728786
30449358819071,850464
30449650224234,1137010
30449683051689,846319
30449716303342,940786
30449749325799,823711
30449827403255,46022270
30450621567941,248517257
30450655928340,649263
30450669925597,14615222
30450687765099,709928
30450708116953,3720380
30451172209701,814025
30451332255770,846738
30452088882169,887149
30452244515849,123241314
30452323319012,3748963
30452577376965,776443
30452634360096,57719677
30452781145988,130539113
30452801749997,785034
30453660259307,377311900
30453768324746,91133001
30453793460480,663046
30453852304379,816858
30454126392734,778303
30454572617659,804805
30454650653170,46147711
30454660805242,56310142
30454727017733,701428
30454775915445,1523835
30454957005285,182554638
30454981618166,1050868
30455149351772,168718003
30455177440847,5769016
30455194418193,22872692
30455250321237,698305
30455268777947,577411
30455314421526,750860
30455472665610,774121
30455621483349,149505753
30455638704545,860390
30455673064808,989813
30455887321091,957474
30455941628048,787987
30456016840415,928877
30456054083662,1193111
30456093251616,40303655
30456267170229,878394
30456958270515,791712
30457174728901,184350203
30457191604850,656921
30457215892190,24912694
30457281554566,56774313
30457340892743,39001963
30457499356540,197521612
30457700618384,185261744
30457717670860,875383
30457749045277,32204869
30457752441877,1136658
30457769624859,1236439
30458128326080,342140718
30458274563660,129386069
30458352433002,732402
30458385481588,704307
30459086625390,126860704
30459104466610,741156
30459351480891,1000256
30459537595435,150251016
30459571295506,734030
30459948986814,345660786
30459965942968,703460
30460040724331,3712665
30460637379850,392109771
30460804344303,559267685
30461003473818,174572649
30461067660816,950414
30461100133004,694351
30461454355895,811732
30462648283834,869993
30464213043694,119926182
30464803210521,234868787
30464840658896,845736
30464873876618,677710
30464906092013,579647
30464938903128,715419
30464947801102,9529913
30464965793671,566172
30465057847947,75809429
30465187803188,54476956
30465224484819,91166672
30465241036209,738750
30465403676141,130119815
30465409792676,800751
30465426065712,567503
30465526206577,65067221
30465559990826,777570
30466125907034,65421344
30466139895387,820385
30466181560379,1114310
30466594535018,67627908
30466750692198,6036145
30466869306057,124637989
30466968214894,3598866
30466972965737,8359402
30467097547336,736959
30467110050490,13177765
30467128773156,1112539
30467154552179,1203612
30467172044276,1018435
30467204903824,786013
30467350089831,128777521
30467366810185,145490708
30467414354058,1147519
30467433578921,1196034
30467512597166,728815
30467550217216,737774
30467710092676,870691
30467745450872,776482
30467780792848,1094002
30468085564265,918228
30468118738324,860978
30468764798857,168328974
30468797647873,780426
30468916737105,119746083
30468934933112,919693
30468983705959,49615590
30469080076491,66098990
30469113856830,826753
30469788379992,669310
30470317633665,529845721
30470390373114,3689514
30470424245473,811820
30470457143922,723362
30470640318545,65756120
30470679001249,868051
30470783431349,65737732
30470823986036,1119412
30471476577177,817165
30471514245989,1066391
30471558438670,900706
30472125897602,529720173
30472206803487,65758791
30472223832626,753548
30472321692184,65702827
30472403869575,65520948
30472438667654,810885
30472655894891,183217969
30472880940427,1187445
30472897396564,17603738
30473129185243,215751537
30473165998188,1058212
30473193885674,28898001
30473282282079,866224
30473330089442,14882308
30473365018051,1146580
30473388561034,24645286
30473405351351,1009394
30473506908204,742945
30474028194680,789858
30474232502467,852498
30475064130863,910828
30475361399874,298097080
30475392115364,893238
30475424735401,559800
30475458956953,797443
30475620638472,990610
30475837310434,160647360
30475870014598,673108
30475978140655,760755
30476657184342,314746246
30476681284600,896728
30476734789700,3464755
30477505918831,1055436
30477709133778,204185180
30477838296519,98193050
30477991097304,131445835
30478162414882,112825861
30478351925748,155043717
30478419433339,35197109
30478452077295,778357
30478468235680,612832
30478500443562,714490
30478596696290,842763
30478852782026,5221096
30478865547378,542411
30478925729491,877003
30479066941286,108788883
30479363980746,246130041
30479379549870,261708551
30479396160863,783546
30479428785278,796523
30479694422997,791967
30479968132314,241611698
30480000617235,987403
30480094609997,94907916
30480114025127,1007897
30480431527758,318407002
30480462915208,663088
30480534077871,743574
30481059233459,799431
30481097457136,1026169
30481213128188,857747
30481248434919,856099
30481281281919,947342
30481738598869,424008146
30481791322219,754533
30481849818121,1217261
30481883464165,872642
30482053249156,1172228
30482080294831,28179747
30482354677087,265785950
30482373584194,999291
30482702296838,202597590
30482741306007,1247061
30483097420985,322622974
30483117301215,763251
30483226224625,1233339
30483258687504,827224
30483529610162,238813917
30483589287656,298732569
30483606048092,838739
30483639541624,906030
30483983569564,873118
30484029882186,14622705
30484118874634,860369
30484306259192,153532276
30484436142192,720169
30484545465150,895371
30484663084224,118442907
30484723268448,988371
30484740265382,487441
30485032533666,3598460
30485048963619,554317
30485065520022,767556
30485081793097,744197
30485087897381,6849439
30485097026040,15936298
30485098082380,638689
30485113917796,671108
30485148423326,820676
30485183913636,909294
30485231002030,5368587
30485266813344,730648
30485977883540,711737907
30485989808972,723687190
30485996994730,671838
30486171701583,862220
30486206403163,831057
30486877682959,1563765
30487973881216,376917678
30487984088132,1136237
30488069797256,60832154
30488170046608,990516
30488197543120,3773430
30488459599281,225676240
30489031170592,331806711
30489067226240,713067
30489101201980,858901
30489133603244,570002
30489158615746,25511202
30489166155034,972924
30489190936864,613672
30489207700549,658318
30489282583924,23125017
30489299068277,696105
30490251711198,458585944
30490299183366,914756
30490333054177,901732
30490347072181,14862821
30490398315051,21805000
30490776547533,793263
30490886503833,77010292
30491638403753,875119
30493383700496,1536222701
30493611365193,1109950
30493760828343,150499269
30493799744738,844168
30493834477657,833282
30494010681383,141006924
30494266373843,939455
30494315201473,3710992
30494697520604,271715037
30494732219484,749772
30494766429581,940663
30495198762206,225658368
30495235610571,1167898
30495329026877,94482107
30495334357825,670105
30495361748470,775920
30495557542111,178872167
30495576961275,857087
30495610584754,837947
30495628159013,720569
30495645217539,728116
30495663565150,649834
30495911980464,230210016
30495966637929,880889
30495990536397,987544
30496054967399,1142545
30496620844807,534191427
30496657746787,921289
30496806457827,888949
30496845934813,1118673
30497013714146,168822701
30497048393520,3710357
30497226602582,24011113
30497366345898,163701671
30497383473674,765980
30497647039471,264231834
30497669841336,1000597
30497698926214,782146
30497903887163,188892429
30497940095731,674474
30497978587119,1087870
30498167087528,150312526
30498214983167,889680
30498745244554,497151745
30498775571348,1010008
30498939074654,147673945
30499181677010,1040588
30499272384244,91694818
30499304111517,904945
30499486558045,108423994
30499521524515,743668
30499852101376,865393
30499883287735,32005818
30499907954522,787355
30499955252209,1232054
30500434459758,444252164
30500623737544,146579718
30500799288522,966693
30500832219538,915390
30501405936436,574442177
30501439746759,920884
30502038478583,523552950
30503158484495,54780121
30503166453077,62764409
30503194087974,1017001
30503232312670,894698
30503502861602,236492541
30503550790577,1014295
30503583768232,818997
30503684997346,990479
30504142470661,423566600
30504256186759,868730
30504319678171,64296463
30504351562120,1057958
30504592896201,977400
30504690519048,872880
30504707062260,17373009
30504724912501,741862
30504759713015,668503
30504768262509,9181329
30504839510458,27814788
30504861546123,732364
30504879872340,656942
30504896976723,560550
30505047471000,862889
30505081085122,728339
30505287869297,785084
30505359384090,39314630
30505375108437,55094438
30505424116265,33323822
30505490906437,34298127
30505679993496,142333641
30505739339875,3755112
30505773620687,779644
30505919647363,146782869
30505975104539,997157
30506298339234,324150692
30506328829552,707374
30506361823050,689382
30506534116387,140533698
30506839932753,446427216
30506847333499,453539195
30506857630807,817502
30506882166002,692322
30506925045842,834843
30507511193676,477505564
30507579635966,545940824
30507652036040,51246866
30507759627791,911703
30507792762095,758252
30507825476996,893402
30508315104741,490433227
30508715409924,365001841
30509097767765,915809
30509130290158,765611
30509491481400,361867498
30509551124620,43739181
30509603082103,795852
30509625879461,530087
30509954116236,1172403
30509993583374,643758
30510023083954,30098565
30510041619721,801929
30510060060762,734180
30510167998976,108602965
30510185045401,1053414
30510218617191,718746
30510337500808,87455927
30510386601605,799691
30510717782105,840494
30511004812502,180949053
30511035701322,968379
30511068099585,757049
30511137284593,69881755
30511155017871,645242
30511163111409,8735740
30511592842468,412802689
30511647878346,904343
30511681098999,946797
30512222742264,853289
30512542206690,1570042
30512580617534,3449305
30512613824927,975269
30513131689907,518749051
30513217817225,69347289
30513268038145,941882
30513359432087,1108174
30513391578038,827085
30513415482581,24690262
30513459276070,35517309
30513817922460,841337
30513852553633,804326
30514128514869,241850478
30514466608083,305101672
30514513004196,895992
30514561745262,639738
30515000476146,865530
30515279534207,279838814
30515300211509,872900
30515307581730,7952154
30515358433531,846116
30515493057473,805205
30515574672802,804547
30515590612690,16726582
30515607325968,1030517
30515951068664,294321923
30516254422949,597663623
30516288312362,886347
30516365154820,77673727
30516383404767,1143485
30516955482324,179776032
30516976003149,200340352
30516989399766,702752
30516996424987,7700168
30517006204109,954976
30517013129206,657408
30517209950468,156144734
30517226749520,786288
30517298120316,72028277
30517330788736,1056702
30517365872612,972007
30517537379363,839984
30517777523680,4179805
30517827316656,999951
30517841269421,14917183
30517858152444,577023
30518410467912,237261041
30518488985192,815235
30518497801286,893318
30518528647648,737460
30518545876707,680541
30518563206509,781861
30518844366930,26399425
30518879038595,707815
30519043135974,129936682
30519119219525,206050071
30519137463527,693687
30519171951203,669050
30519186800434,15443764
30519204978997,809100
30519303642128,65110542
30519978343059,221451011
30519997327374,877210
30520008340023,11844193
30520027690716,3412677
30520162873430,100707169
30520174788770,112682350
30520191335783,870347
30520208102111,653542
30520289470393,65676437
30520334736771,962070
30520794648562,3901342
30521454220793,3786652
30521491022298,920404
30521563401374,875391
30522806431861,1141090
30522838802362,856971
30524271700386,880075
30524498260397,192203751
30525733570551,1186170199
30525765744980,927465
30525800638798,815933
30526015865864,181399952
30526052192469,910180
30526086677479,741327
30526866708600,869564
30527017418906,883617
30527241442108,191422992
30527415392827,365208284
30527448183216,789520
30527744174360,127183818
30527824323315,911650
30527857613194,1027706
30528008765056,151893371
30528046838676,3649332
30528081377942,773397
30528185803140,844301
30528347349835,127753145
30528489494819,124702591
30528491976760,127220714
30528509245656,883059
30528558459405,778277
30528593139291,846911
30528628034306,766756
30528790248774,128324263
30528808184159,872691
30528844760485,879779
30528879822943,933299
30529301085418,385947064
30529337397407,798701
30529449565441,919968
30529481806995,33074033
30529483144945,943492
30529499664457,743432
30529621809623,86449488
30529655731521,759172
30529689132581,796642
30529722237861,697190
30531439937831,834447
30531475129207,963315
30531509462665,537453
30531585282721,1029017
30531682840058,64161000
30531715989800,978902
30531750259014,613682
30531767930500,523945
30531988241589,172563808
30532149150436,759396
30532185013699,809856
30532399228706,214936211
30532406913364,818710
30532427237258,676087
30532443735330,874779
30532460131585,596713
30532487143810,11438736
30532519392391,653993
30532552294832,785581
30532673750730,122180559
30532690785711,844592
30532757335226,791291
30532817107423,809320
30532851106428,1062474
30532883946766,765588
30533042978660,126799874
30533150530821,90991481
30533167244313,107786651
30533184178679,754461
30533200718636,911330
30533352480400,718665
30533356293947,4498406
30533373393027,881404
30533507552116,118260652
30533526620566,756616
30533713604606,171200121
30535618073460,1037544
30535674036214,786802
30535711959807,881139
30536455966288,129297107
30536491180184,813488
30536807979276,711645
30537079371428,1224894
30537103736351,25403019
30537114053680,721818
30537140501356,883833
30537178208315,3804123
30537272140660,65431316
30537354953913,65199428
30537390109617,763843
30537407448685,720400
30537529579623,78205580
30537554320901,102952329
30537565169979,891232
30537648123248,65044320
30537653655559,1202431
30537925892862,256571165
30537963628868,783066
30538100131012,838199
30538134471191,1054171
30538151467551,1065709
30538168295653,688870
30538184558243,776826
30538218603934,768972
30538470297902,192473549
30538515163943,1052829
30538641059816,1216378
30540134833389,174529208
30540216900889,65511402
30540435658946,184927125
30540536867778,65099033
30540744209120,173911531
30540886793426,892225
30540920256071,733145
30541007205839,807245
30541041912745,958087
30541731842927,65701353
30542011716847,238805110
30542478947712,977351
30542516883093,985137
30542647360267,903467
30542682761424,1160891
30542717975596,823370
30542742349152,741231
30543391370585,948680
30543567580529,125572911
30543595649102,153614935
30543601626591,841209
30543647317682,891352
30543681754428,708160
30543745569566,1077919
30543795248456,50698405
30543818316701,710428
30544345628616,818036
30544421392919,1097299
30544455652166,538011
30544490914421,1022304
30544699103111,174062718
30544820107151,65526446
30544868422375,736545
30544989579714,3773096
30545038735551,17034629
30545157331385,85954639
30545177734009,106438313
30545387646374,127390088
30545684747494,424411579
30546050056224,289148346
30546075385058,314508736
30546095594723,852942
30546134613263,767762
30546538952001,65056292
30546726612888,867688
30546759922355,747479
30546816288603,688291
30546858110003,756782
30547021382178,126297352
30547156795596,261670386
30547240265450,65626895
30547338859225,65182703
30547545430699,173533536
30547579997651,914060
30548001503069,783771
30548221860250,791221
30548249010197,1072114
30548419700833,916272
30548889060325,766283
30548924041339,661771
30548974756428,11032356
30549403840432,914140
30549439883454,477380
30549603541232,865024
30549808108954,171764213
30549846501505,3652407
30549869654631,689310
30550456183766,1183687
30550701268886,246184467
30550783456336,65584236
30550881675115,65498358
30551101880251,1256348
30551474644905,738198
30551626094119,118652539
30551707498710,65164468
30552330327741,1045496
30552412469420,83088944
30552430496115,785286
30552463516817,786883
30552743927037,901758
30552780543017,779375
30552817188591,959367
30552851445676,672050
30552888774600,846783
30553169291180,796840
30553251647494,65686076
30553268657759,856803
30553303555464,581349
30553455271658,119383822
30553553797579,65896792
30553716450967,129870061
30554172736522,996790
30555056691337,173540279
30555473808745,836567
30555508223172,761145
30555815934919,308399813
30556077064352,244371178
30556114068181,773299
30556133449736,3552904
30556191783961,678487
30556214699665,23559067
30556230287336,713371
30556247693151,990066
30556264297544,533570
30556283943440,788355
30556299790132,555809
30556334319908,534374
30556381071546,47217720
30556695969291,832110
30556707281541,12099576
30556851224356,127524920
30556932630998,763216
30557087850286,119298057
30557323666550,979156
30557356896636,832134
30557594326057,205403548
30557630314413,1124990
30557664776313,728399
30557666531163,2475745
30557757342111,74975247
30557774410800,834813
30557809766433,830659
30558235578060,393289755
30560000143307,722102055
30560374671508,341668018
30560981127980,1223838
30561018779085,943564
30561058448427,874922
30561216032678,125841792
30561249715029,832544
30562170359218,343865563
30562204900000,1126569
30562237721709,672337
30562891044239,62621983
30562923323975,95199161
30562940163151,725598
30562956348593,619022
30563422265581,1010643
30563629505055,170611275
30563665730259,904166
30563705239777,783329
30563738015098,660805
30563771029380,742208
30564260137692,457370791
30564297234748,1107808
30564661313609,804130
30564867986653,171643812
30564922762055,742820
30565631125521,64390305
30565668437715,847865
30566014185607,311148296
30566053057813,816598
30568042039984,1953603319
30568663750577,183595658
30569264462347,853457
30569390396177,126723509
30569943807726,821304
30569987424027,798825
30570343558218,323087436
30570354105197,333684280
30574921321772,860421
30575160583720,890628
30575193229602,841610
30575395058103,1161188
30575426023773,771604
30575442871522,817902
30575475880445,738292
30575573370444,64672334
30575646393873,1143357
30575696204163,1170475
30575702651093,7561726
30575720251895,1208766
30575730558975,11462433
30575747755983,864356
30575989574148,1183952
30576030687987,1585186
30576066320016,920348
30576104006658,3588912
30576141525560,41070032
30576158592985,728282
30576188627101,30703749
30576194753392,3686893
30576373396129,128334603
30576408967583,878303
30576483119572,41257134
30576492264138,692033
30576510021513,792080
30576528306883,19023032
30576544273159,895716
30576553051197,807710
30576573579012,889748
30576607182209,901894
30576659205879,846676
30576682308773,989851
30576720083590,712415
30576742088999,22707854
30576763560834,996474
30576784427415,684335
30576829865261,765075
30576910886846,795758
30577273976529,159204312
30577290900550,176149586
30577301470438,666106
30577320624966,852140
30577389705735,32232383
30577440893791,3416814
30577453281021,15771664
30577534934167,45050603
30577636451669,146631038
30577722651356,1072624
30577780386965,1024893
30577949952807,1174899
30578007197013,708269
30578008735884,2178078
30578086931484,1096754
30578090195951,4325178
30578107063911,859781
30578388333704,230275427
30578420534327,262531023
30578775457490,220009469
30578811616476,765505
30578880109336,69203769
30578917646093,3594728
30578952304475,531089
30578986929822,747996
30579021709263,636745
30579061209630,40102915
30579392661508,71928659
30579410956078,992944
30579428113480,551961
30579463406148,834871
30579958897140,732541
30580006290165,14927987
30580131771458,86582977
30580344110618,298904871
30580356667933,3614102
30580370579996,17480656
30580374266301,898471
30580495256035,726150
30580512610344,507760
30580547965387,872225
30580583577634,1013168
30580618645399,708984
30580654032628,830128
30580689789939,983295
30580751016839,870352
30580785065065,839201
30580857588755,849576
30580863840292,7014204
30580889999294,708817
30580906142078,472135
30580922756969,604637
30580938858793,518559
30580955017918,648603
30581054967570,67567190
30581077723128,90343074
30581328768377,893948
30581426540963,98604826
30581444033233,744859
30581638630141,195248919
30581655890784,802946
30581674443268,19312669
30581679735163,24605461
30581814988684,717234
30581986802575,836497
30582081526801,62372113
30582115302766,668188
30582269607933,121680963
30582305618446,753886
30582340281089,828794
30582445241252,105712133
30582462482882,1051547
30582719589537,258035005
30582737497861,808992
30583001483054,64556986
30583090510874,1048456
30583743194275,763738
30584680553084,130976067
30584816685316,103056651
30585029697507,178141686
30585052946723,884299
30585144921551,55620510
30585303983507,129020743
30585344867609,775120
30585721670229,339602126
30585735721016,353679749
30585819275077,66149452
30585837479561,827317
30586477501659,802780
30586494903782,834783
30586517770364,845589
30586534175255,800247
30586616293111,65952496
30587687664710,955045
30587884987477,65715127
30587920389795,944740
30588020231336,65515512
30588120402292,65551161
30588303615645,890564
30588320310900,532781
30588333007250,13166580
30588350378785,596845
30588367694854,680862
30588464231381,1000153
30588869945334,902337
30588903008957,875008
30588935440839,677989
30589633548360,423633149
30589650746091,851005
30589683477383,724141
30590044177281,36136859
30590307396433,821064
30590341922906,840269
30591464843578,343554060
30591496455041,1054394
30591762761350,234166054
30591779954582,964938
30591820150306,736474
30591928669399,881781
30592027580899,99729646
30592044723357,987255
30592084550339,916288
30592302161065,717805
30592311683254,10076799
30592334920133,864871
30592695202765,344654410
30593737729856,1081689
30594235476806,498755363
30594253676330,1191607
30594288990896,916342
30594821483907,829179
30594857367219,832974
30595067568357,3639227
30595083793407,19862495
30595104551240,3546546
30595828195057,699042744
30595860252061,744851
30596481451774,73886875
30596588434428,180821822
30597185481028,579574923
30597219527696,889622
30597252269889,817049
30597285193247,768343
30597497896578,213278418
30597532124522,1087614
30597693000740,129076000
30597726069393,926769
30598296901768,238780481
30598627504260,166298756
30598642506045,181535978
30598737144101,42019403
30598774098504,894899
30598804283165,31044968
30598835173986,27153736
30598842018109,725220
30598923520740,64760216
30599193058236,252976461
30599228318432,886779
30599303108626,75611739
30599421421983,37959020
30599466182668,82679639
30599484113866,808535
30599696655537,175493932
30599718009230,3630943
30599734220601,656483
30599781900010,865778
30599817018557,35931249
30599833968646,988452
30600612045020,152418004
30600709160755,249553064
30600729042487,914514
30600849875901,85689424
30601082118645,973851
30601208893990,65751677
30601502251576,772363
30601918927480,891487
30602475708925,65700293
30602571484979,826140
30602686302246,65401429
30603125742434,173271295
30603158499608,844247
30603960241348,173041760
30603993584029,807047
30604717340820,311986908
30604751193153,1142586
30605192089821,908033
30605596896416,65264573
30605847538585,902636
30605882304646,845707
30605969592816,684013
30605981698080,12796147
30605999357384,1096020
30606034671901,738272
30606346058196,65040922
30606653662356,813333
30606750970245,65558332
30606864595178,65825996
30606886738087,900874
30607208880839,21664728
30607247823441,880247
29649451228280,1058880
29649566679404,1071611
29649612438379,995842
29649749388499,102183300
29649752592379,105483912
29649771443049,684703
29649814174737,6947942
29649889829440,1160097
29649990743686,1088120
29650023375668,775187
29650089721784,1034796
29650122550358,912733
29650156739737,938833
29650163199727,7400019
29650172334557,584315
29650187756938,507288
29650203750613,781432
29650452826218,54147617
29650464906404,66285015
29650481302292,1198606
29650496842680,771051
29650532579294,599012
29650549109611,715253
29650566916389,1014782
29650682138543,64218341
29650713688940,95725035
29650829085784,49167364
29650864463751,766254
29651164948761,301160551
29651185478970,947715
29651220102312,1586579
29651284818352,66193681
29651711420823,400770641
29651889653302,998451
29651907732863,18991901
29651924474318,1154420
29651940908460,789505
29651974166723,909819
29651990844574,799464
29651995485408,5367917
29652241584163,195448106
29652290167745,1067454
29652454626139,1003327
29652490816418,1261764
29652551835788,62255040
29652552720033,63175451
29652569404964,859204
29652643944609,58432371
29652695345188,109776290
29653069625313,240012602
29653122477611,292847988
29653244208173,93553059
29653262971165,4783686
29653280249225,887522
29653343284713,1024651
29653556263657,178404015
29653717299849,339454827
29653738497631,1052663
29653775856070,1366212
29653810981113,1070938
29653873558205,948879
29653907941615,991535
29654136652291,1008220
29654261960078,872714
29654412146636,931382
29654445250723,907549
29654477881721,1035031
29654524493597,920823
29654541340873,959123
29654938325862,902375
29655219333439,281812528
29655551537668,54577165
29655600670118,973417
29655634524171,34664883
29655951242131,285802678
29656419263772,753813781
29656435560731,881869
29656469455608,858487
29656502561155,869669
29656538011570,3647258
29656708917288,4125796
29656745197571,972725
29656779120506,1281802
29656811547679,975297
29656844565512,1584290
29656877646211,1134669
29656911150302,1019209
29656943340238,912285
29657288465174,312992443
29657656475261,1064586
29657753534433,98096874
29658196304587,417645249
29658517978300,900281
29658550651871,983004
29658585523290,949003
29658627519225,1234129
29658643258982,886161
29658659694577,1174854
29658682780794,873542
29658730132541,1248899
29658800424739,1136415
29658840742943,860281
29659057841759,171520448
29659114617573,228300424
29659151739040,1155566
29659186192186,833171
29659280839507,95396238
29659315610744,19601013
29659419731666,123689607
29659437110029,1180799
29660222907925,515842391
29660686634260,993961
29660693704230,8009028
29660870315786,821147
29660978673936,109079861
29661008226993,956745
29661518184744,510831362
29661975538094,432888281
29661982467199,439840644
29662013329183,836772
29662047021174,962082
29662079823517,1152579
29662527895723,849817
29662582531595,55359291
29662603572898,972480
29662692066767,935810
29663504451670,1130625
29663678335488,897085
29663714530964,1006072
29663826684000,12688728
29663874053702,1004954
29663908164471,884426
29663940811854,845632
29664054447017,114366226
29664087448866,865635
29664089577576,2952792
29664106845591,972838
29664123552376,595857
29664140010684,744679
29664156571361,928509
29664172984577,760860
29664190515931,1249435
29664237170655,993889
29664348454943,112166576
29664370556464,5740830
29664405343843,1269125
29664442224773,3669009
29664971474167,317220544
29665148513490,63689995
29665181720131,909873
29665459537352,69707738
29665575136647,1032372
29665584117823,9963377
29665601181592,900504
29665635155658,807304
29665636672422,2276203
29665667047389,1084461
29665683695290,1044017
29665885112463,202366027
29666191005613,891845
29666207461470,741574
29666416556881,193158502
29666539222898,92819396
29666575154984,1157802
29666625506885,888897
29666678963493,54308673
29666769892177,53839274
29666770629517,54703664
29666814949414,1019625
29666847458770,971419
29666939722561,59357971
29667021506531,898886
29667038467814,969402
29667257913363,1008682
29667444236600,146799701
29667479104913,19860801
29667495161315,1014041
29667510439286,557657
29667569615054,59664638
29668102413369,517253103
29668127786156,1125037
29669032729569,437851726
29669305204594,710178972
29669555277098,215025881
29669993563329,405284634
29670026717940,1040199
29670059587759,1143177
29670097848231,39295176
29670128785026,997610
29670220951808,93070820
29670238277142,994975
29670343710364,106341469
29670505750931,931391
29670540361490,726636
29670941194771,1079079
29671084750494,122781283
29671261440560,131187350
29671310749509,960378
29671377995487,1055283
29671392664051,15613916
29671411061372,34115311
29671415317966,943979
29671426780736,760809
29671448188276,752579
29671463513437,699123
29671634898286,171986911
29671665466527,797585
29671682702202,17763339
29672086071595,1084122
29672108326404,23272144
29672124274430,803057
29672230052327,994756
29672511321607,282174187
29672534569973,7693145
29672955089681,69317120
29673036895822,151083581
29673187777163,27529497
29673410397892,188818095
29673454037942,1284364
29673884866642,914093
29673902068121,967309
29673919141846,1016725
29674015993017,1134844
29674041581071,26649060
29674057032838,9552321
29674091296085,1105401
29674126722358,1027116
29674257541427,96778076
29674430883302,954141
29674709753908,279730654
29674727366769,1660412
29674897889769,172070100
29675055613912,1061467
29675170139414,98390729
29675940265869,1002090
29675972741604,1026139
29676029622540,57800183
29676063274437,3783199
29676282476471,185956873
29676303899955,3857242
29676579723550,242985336
29676797092652,194602026
29676983497044,937147
29677019889321,777522
29677024947048,5838913
29677043630445,3638220
29677059633265,632279
29677075115786,771126
29677389067478,281756097
29677412103164,812966
29677707202353,1001292
29677740001735,932909
29677788167256,1354999
29677807127639,932940
29678395866517,1217372
29678809689484,382415092
29679174204313,1092285
29679209207886,856647
29679943859210,839459
29681179408536,274693381
29681213070715,967883
29681250220567,869955
29681867974569,585009760
29681901350560,916109
29682656428951,838168
29683715222897,8027065
29684127756383,951977
29684860903746,701536878
29684909316400,953033
29684937919010,1267808
29685000378750,63364962
29685034542370,1057519
29685103278879,33838136
29685872598853,476204278
29686250679767,1023064
29686822656966,473830416
29687068544114,993289
29687114833628,11843628
29687549702437,969306
29687643695960,94652095
29688058988182,382916753
29688224845594,150189465
29688290521991,31543800
29688498915398,946306
29688957276017,433241161
29689121254021,142637968
29689177518139,1159026
29689197914140,21494946
29689214295843,943345
29690163642864,912835754
29690491634227,1085346
29690532272061,932224
29690566890065,929401
29690585886955,19891696
29690624112601,1084194
29690661556074,3879534
29690754242487,60157022
29690798762362,1002696
29690818150888,825059
29690881930298,996040
29690919504940,907404
29691052068725,133441472
29691068277354,982309
29691101681097,958507
29691135925986,15982690
29691151831531,772131
29691651896076,1004693
29691745906341,946161
29691748112512,3086657
29691777591842,753975
29692184011239,407074843
29692201511955,950668
29692342054070,1025908
29692374289176,827180
29692406703937,881833
29693641711491,55709562
29693932764864,258826772
29693966267955,964911
29693999304032,926362
29694032265203,912700
29694065303682,931546
29694641139472,481405989
29694939258888,972239
29694971847027,835874
29695435046284,410517043
29695614520155,116579828
29695656768980,6859721
29695728560969,78571992
29696357305057,612917701
29696405024529,929146
29696566851368,5773960
29696571925184,10877538
29696603444828,897498
29696845247013,206858316
29697066955114,173443395
29697083170403,883112
29697549092095,448798301
29697566132581,799552
29697960675015,395233855
29697976630316,859713
29698123337560,1025292
29698409335913,847521
29698425356997,16875464
29698441319706,1060311
29698442007611,1694232
29698825629293,368981594
29698855740411,1030335
29698888564707,988126
29698982512874,7951863
29699010523265,3989084
29699058517779,7977537
29699513597666,898327
29699529729108,955486
29699537557273,8729000
29699590594887,1099553
29699754165410,122497169
29699954950908,1138240
29699989314110,1185178
29700134279219,146046420
29700163458915,1252158
29700220571238,1026634
29700298581473,34963423
29700334238995,1071623
29700514164112,143052996
29700548753329,965475
29700583791315,1144414
29701171810402,588818682
29701207923268,993109
29701209111737,2143044
29701241205303,946950
29701274205950,981595
29701397840297,124529014
29701507964048,1303288
29701816232879,145101556
29702035480247,902165
29702066096466,897560
29702083107834,971750
29702622025009,30371459
29702668875817,1007017
29703241967751,541516126
29703316047418,615325680
29703620998299,186676595
29703668347188,1001324
29703854674698,928746
29703887537464,952402
29703950364081,63687208
29704320715602,39303677
29704528695511,172554972
29705336814584,17095803
29705383782420,911828
29705718318748,303030134
29706916964329,1147567050
29708360410665,1397140261
29708530630811,1063359
29708822139515,292472597
29708852406417,1158641
29709123924694,1114079
29709157156840,1359606
29709189764793,1035565
29709222264673,1082328
29709257901279,1256263
29709375327684,1232989
29709385218174,11041778
29709417337249,1244634
29709557443715,947724
29709659874376,103247120
29709692200527,1098066
29709744947942,3742520
29709842714041,924769
29710343651610,467354530
29710385734517,509333378
29710422273086,1054577
29710441875877,1008221
29710461463600,940080
29710473369260,12784663
29710774323949,278405371
29710806384957,985128
29710816759386,11330124
29710875488697,40793459
29710911017798,912419
29710994189960,83992362
29711026060267,988475
29711223991008,152861736
29711437380015,23559483
29711448177627,828770
29711487947435,858806
29711671614192,3960576
29711681430426,13765332
29711699401835,861084
29711749912649,880768
29711776918947,27863042
29711794173233,954010
29711829924527,865854
29711990649378,124939976
29712027756240,1194003
29712062624857,1072129
29712367585032,270462270
29712401610072,943345
29712871423567,437664255
29712914072180,480329853
29713396777303,1138751
29714015649069,586767993
29714034217651,605376863
29714071662881,1040720
29714707490420,1037046
29714740673464,889755
29714844411589,71958948
29714956694684,904639
29714998806530,1048852
29715104029244,981284
29715741712327,601907789
29715796281723,4016896
29715825078575,32726971
29715879486638,1291590
29716063367075,185069894
29716424596131,320328661
29716540039774,1042346
29716557336626,18005331
29716721283592,981545
29716755927904,868463
29716972592560,984249
29717030973383,59283585
29717049371819,825439
29717134182822,85540476
29717163585732,975459
29717448662978,4000135
29717483512314,1033575
29717547942541,38861480
29717598591936,1114287
29717647576190,1019469
29717763288097,42919634
29718144222520,322480867
29718295479707,473690292
29718305530778,483844923
29718510777799,167213898
29718908226428,357210360
29719095629135,544620080
29719346977076,236125944
29719708127092,948054
29719742465348,722424
29719884919399,110773840
29719918551595,144521598
29719938022849,1039519
29719957352031,730623
29720153431057,1001623
29720186038915,1114102
29720205874357,20875839
29720261370528,26539160
29720294583125,1012706
29720605583556,311925136
29720621982502,994068
29720839186991,218097549
29721005349453,865375
29721212276656,159758892
29721771225244,718704829
29721787563207,862076
29722071365421,250085415
29722331422830,1022048
29722480022926,1363470
29722668091250,1005392
29722735565233,1056451
29722744584836,10013035
29722784119247,974196
29722878936575,63571256
29722912714979,832586
29723100919055,188909427
29723131872227,825189
29723133400018,2330258
29723149360424,1091768
29723168548026,726540
29723224853183,955097
29723241022491,663430
29723400762505,978228
29723712063825,951711
29723977432084,233596670
29724010271189,954360
29724051725672,42380733
29724815915654,37579213
29724851002848,987054
29725167207877,317168012
29725338948052,133498659
29725377720559,884655
29725481169246,68636650
29725531362581,865926
29725564323466,918936
29725598368354,1289173
29726071781620,3932690
29726132117605,24956267
29726166125349,948259
29726320958360,120279868
29726370271717,838885
29726690612631,1230138
29726765254729,75790827
29726783369965,814968
29727022977281,1033628
29727057964457,820926
29727156967455,99729428
29727508869944,75380039
29727542177214,998508
29727574798077,1152759
29727922666142,991937
29727955181386,878466
29728248413712,294025175
29728264929992,788604
29728299214837,976412
29728385961594,26132422
29728435788512,900413
29728683973522,248994473
29728709214077,1126838
29728975413686,110447740
29728984424328,119269331
29729008952985,901943
29729057382764,1160341
29729292024761,235713173
29729311248450,3787863
29729330002760,22508322
29729347014242,1000097
29729364367581,847936
29729381073741,982391
29729397697461,994687
29729404067354,763804
29729414111675,676774
29729430742610,1039635
29729466048371,1160569
29729508896862,929588
29729549432785,891008
29730312762697,835328
29730453261682,125608860
29730488643933,953703
29731145110272,622740884
29731182006977,659649115
29731193905880,1076225
29731864210820,651694478
29732117294079,904893188
29732252239827,119460983
29732270295192,137518668
29732291001447,954693
29732404013677,1479671
29732408592866,6010275
29732431953884,961842
29732465278637,34223701
29732518129805,970660
29732776319667,1131689
29732834299037,59031557
29732980621615,129095627
29733350049382,1153827
29733383224105,1028499
29733417096622,922236
29733449457997,970010
29733482300596,1161498
29733497878757,776189
29733514051200,753081
29733537512511,8183633
29733543739766,14785943
29733615029244,1057957
29733994241775,380177722
29734076432553,65769791
29734582177300,1045081
29734616205994,1015362
29735059328195,345630555
29735092836139,1240489
29735595169265,392438472
29735716236375,513538574
29735921116759,174554071
29736127974033,174462603
29737892433590,175022470
29738116585417,983017
29738152470023,1076442
29738383114725,41819545
29738526144289,184729281
29738546565596,1146995
29738583621298,976778
29738704694866,65768416
29739015024507,1022325
29739049352350,1170859
29739256245097,174700325
29739515528984,1326725
29739616575886,65903684
29739650473932,1050891
29739666227578,784627
29739880360391,195317791
29739893671100,1114915
29739912698925,992450
29739928787780,677649
29739945000945,1121130
29740138399739,174142921
29740273518873,119621072
29740314995630,7870444
29740370876437,1092400
29740657117281,287225701
29740847522226,173859654
29740975106037,1148784
29741084461449,1104951
29741125386309,1019987
29741486320551,122898128
29741981705066,281904677
29741985343838,785583
29742213714381,213581385
29742219841752,219668826
29742231225011,1072462
29742259350086,784472
29742298405596,752779
29742498201570,1015216
29742530930870,1054562
29743058261954,528266705
29743063605747,1042694
29743256341938,997666
29743427433668,171997061
29743455072203,899846
29743620393694,1217612
29743645890905,26624795
29743662005996,1002149
29743803640494,902299
29744119254410,281676290
29744232039592,1175406
29744273249978,917821
29744539842288,267428862
29744921507720,349813091
29745065722247,128647000
29745082363139,897042
29745115596404,911271
29745756950352,1024940
29745781330325,25316288
29745797313344,897580
29746858043411,502904088
29747335954061,980559932
29747385362045,1126642
29747476029529,1089850
29747497945685,821640
29747514812275,1034953
29747549372786,1278681
29747833094036,968671
29747866709114,1024479
29747967432708,65454355
29748001948245,1206671
29748539141927,65576362
29748674534722,1093985
29748747077635,73547964
29748875709860,65266029
29748973578557,65413546
29749041814271,871175
29749076821245,1108457
29749093754438,985452
29749130633961,37777585
29749150492627,3975928
29749166410572,747117
29749213830491,1038274
29749248944430,36065052
29749330042378,65539848
29749364323825,891262
29749570514581,174317082
29749604229383,998330
29749740724264,1328578
29749821562911,968162
29750017937126,22675703
29750056004398,929456
29750219764871,130447391
29750257968253,9688329
29750644774030,983405
29750677612719,977109
29751173877519,942788
29751189322740,539377
29751207980578,3710397
29751241103958,1030031
29751298156486,57994680
29751317752685,3881733
29752042164475,74352025
29752075684686,1150015
29752108313113,896915
29752827238102,686152831
29753364607044,508063637
29753380918126,839716
29753413710557,1189529
29753885420457,916476
29753909329832,24765891
29753941856544,765380
29754173897892,232700446
29754199024106,257823364
29754275855845,1010211
29754310490687,896266
29754502004258,1182209
29754534184813,762893
29754669286473,1109614
29754986102241,284458809
29755080963987,47322275
29755088466398,54804811
29755106728169,1138307
29755158104557,52421037
29755351585702,958549
29755930832426,972625
29755964068599,910483
29755997274005,1217810
29756470329507,474190216
29756504629105,18059872
29756539481664,835428
29756807972981,269234665
29756824282002,828696
29756861265477,3832452
29756896865799,990811
29757550089669,1044334
29757628194877,44225339
29757675229394,873830
29757707402440,894540
29758082751048,352040516
29758100060900,1078532
29758135022414,923071
29758169382905,891350
29758201514105,32941907
29758795112352,951159
29758828227867,33985349
29759148377188,261290098
29759229742851,342670873
29759282367231,36008953
29759617392938,1023905
29759641667690,799554
29759775975254,102457523
29759856756047,48362745
29759890451279,849507
29759922772658,950004
29759939727542,925196
29760700577054,1037759
29761049037931,349406638
29761059402910,359835211
29761272050612,1027338
29761293295582,959134
29761321694816,738679
29761337628442,907389
29761490788375,154034724
29761647794771,1115091
29761819393484,137540809
29762056446580,202769888
29762109458982,1026654
29762440529540,266197819
29762725340298,550938827
29762755726192,1061063
29762767486717,12753512
29762771257030,16570699
29762772417575,917566
29762790082668,1291271
29762809253273,3852676
29762815305234,758910
29762830879576,730192
29763086690371,206427835
29763161497898,965303
29763196186566,1064147
29763454304090,952831
29763521676730,999655
29763958507429,338463744
29764021365115,401347854
29764040721977,878766
29764202837386,162965794
29764313004816,923108
29764329756149,1277683
29764345824587,867034
29764479891932,1048013
29764503240905,7814447
29764603564150,85305972
29765073136179,423368845
29765733192474,607639985
29765771473785,1117825
29765823100426,16348922
29766388332777,509775166
29766488381443,609831964
29767089019805,571289267
29767122151678,994983
29767154565344,931589
29768517206513,1363255222
29768553438291,1195888
29768589045348,1244877
29768823969996,937367
29770032731251,1209553711
29770082863653,1321452
29770117475798,1118438
29770333353352,1311816
29770369123872,1023773
29771134633576,732115454
29771284030458,102369048
29771333117368,1009549
29771883568796,119428243
29772060646378,1044103
29772091617657,31955473
29772107539045,763807
29772140653931,1130433
29772363773765,995062
29772453044980,55950136
29772502514398,913380
29772556261718,54575775
29772807268408,1082020
29772824215183,991547
29772840883833,793021
29772875363977,1093108
29772910131698,1060557
29772944905518,896870
29773078452599,134341172
29773125285775,742574
29773161751038,1025171
29773196800729,799201
29773618777313,1071850
29773717600868,64281972
29773765972301,1405232
29773817651825,662121
29773938245640,1211158
29773971681872,970307
29774005619541,899000
29775708076131,1670471185
29775756717913,883019
29775791812837,1049494
29775853068809,27775408
29775901185926,1063977
29775999083661,1045259
29776010194098,12087084
29776047690945,1123561
29776099272070,15491260
29776315569728,12130635
29776405528335,102041137
29776431496506,4903693
29776466069994,1148030
29776675124528,174218756
29776715897052,953201
29776731334371,584923
29776747159890,821625
29776763098151,903912
29776779217308,1045023
29776803078978,1090737
29776835675591,956620
29777038572799,32829623
29777075078354,906903
29777084191749,10019581
29777100197364,960762
29777133027977,984817
29777166817702,855188
29777199866263,748773
29777221381457,22215641
29777468197035,1055717
29777485113934,879165
29777502052852,903854
29777619798690,101352218
29777669142012,959674
29777793662510,108564702
29777811378572,827878
29779331298056,1285640713
29779527191864,1481527806
29779890012208,331834417
29779940283269,1038036
29779992039292,1194823
29780608844423,558376757
29780773099386,862615
29781076031408,269094569
29781360921598,237903933
29781396524001,911033
29781457296207,1145540
29781489483181,33324034
29781515766365,1182315
29781672009538,1084122
29781687971742,17009928
29781704099841,1030690
29781719513658,679442
29781735012150,739417
29781847055276,1107309
29781903401121,34140749
29781936526594,981673
29782242312805,1035393
29782367562272,88352902
29782417002103,1200833
29782425515612,9719090
29782451306427,763819
29782467649014,971460
29782500760198,960800
29782541241281,7214467
29782790770019,1164980
29782898770203,63771559
29784228884711,1272735395
29784342986674,1386553230
29784533472948,950693
29784755592600,967336
29784853544268,1079675
29785154670063,94961336
29785203195280,1011138
29785270374087,35121729
29785323971272,1055877
29785946552594,588176102
29786052569171,1007984
29786746966142,418898488
29786794949397,1038248
29786928924411,96816296
29786964262266,995245
29786999864790,1180854
29787025197670,26452488
29787658346067,600939101
29787680178796,622801229
29787710084051,3813734
29787725778704,614843
29787884487671,1161906
29787912705430,959906
29787929596440,564887
29787964147202,1111074
29788012242844,14258314
29788627403628,494060779
29788702862359,41137115
29788738209221,900372
29788772425128,946201
29788808005555,999960
29789024808624,1114290
29789149011052,862161
29789185365373,1025554
29789252738565,68318747
29789269742971,923623
29789305501863,869776
29789355082640,1370793
29789488833878,6535766
29789539805689,4146435
29790006027400,303129913
29790037421151,971213
29790414923642,1428811
29790757261571,302762040
29791008692246,154443630
29791042481972,993779
29791046134354,4597653
29791079533922,948014
29791098328593,937760
29791135078035,879584
29791177873186,984635
29791557185824,1070513
29791655428104,1227794
29791862849802,914837
29792258636342,363396678
29792486888536,161661578
29792512729704,187518237
29792683493254,118049367
29793170537147,434669025
29793206215600,984371
29793244504183,1078115
29793686311259,389491822
29793723320398,4389249
29793886078230,130185644
29793919846546,1252634
29794039927568,121246078
29794124487405,1007574
29794414926348,253417917
29794432342872,948090
29794737363880,55315515
29795099784294,1057187
29795369522103,172552843
29795743521535,326830550
29795791336650,1167143
29795822790767,32551616
29795998518319,160160654
29796384589044,357924794
29796612250660,209592606
29796746257849,892322
29797010489346,231475798
29797059970151,986391
29797100232559,3919873
29797134334145,820251
29797167488218,981383
29797437418292,225520121
29797450387934,238557641
29797481535579,830028
29797584810726,905359
29797619792713,875253
29797771720037,1111394
29797870158702,941453
29798440064643,408132371
29799161294317,672593579
29799716530769,343367992
29799737044370,363928282
29799755437724,883075
29799790559871,877592
29800396980861,4090717
29800404438188,11492077
29800421367045,831749
29800439155237,792063
29800474063658,907551
29800508453099,1028646
29800530125065,802104
29800547029454,1039707
29800564888116,1181166
29800583393084,1067877
29800600130007,692537
29800616773078,826482
29800947272035,295883176
29800979077049,1255800
29801213659692,47046823
29801250819484,2308971
29801405158429,998800
29801590218625,186036894
29801606391774,911362
29801639932922,1265939
29801672756797,935703
29801911971696,1012800
29801947176114,987208
29801981533677,1009758
29802092112080,1017576
29802125960330,1007747
29802513776473,388671374
29802546205962,1053810
29803546379775,983583614
29804317041481,1242459
29805262877947,572918577
29805297885204,876751
29805341262323,936733
29805374165758,985336
29805532790191,1006263
29806109946149,531242320
29806487691158,1004780
29806520995802,956073
29807111477316,559066009
29807226020084,873288
29807686675791,414726358
29807741329844,3965967
29807948674065,3903461
29807988452424,7908449
29808021359174,1026565
29808054178451,1071615
29808086677656,893714
29808579723618,3886696
29808928877219,316573253
29808978475686,847768
29809200444371,1031827
29809848912337,606479318
29809950506781,1071825
29809985764782,1165568
29810334472603,1050536
29810369873365,1028242
29812150322008,1781383892
29812763689947,582559363
29813458699218,479280198
29813524755016,545614263
29813547367168,4808609
29813790174953,247482607
29814099916731,895701
29814226876010,996582
29814270638704,11946467
29814303147273,885359
29815190281671,887692374
29816023378296,1720759580
29816659086836,2356464209
29817205303323,2902822673
29818543686528,4241070207
29819184193573,125757107
29819476327125,884240
29819700282406,192272670
29819716579376,1012100
29819758694383,910873
29819792380426,1034659
29819861936780,70502908
29819890265760,1732717
29819907069738,1032491
29819910637812,4561027
29819928510660,1047838
29819953560514,25741930
29820260985189,197313224
29820271890702,208187551
29820279472454,3423388
29820296413098,1137164
29820312620854,1023926
29820348903901,1040337
29820382757529,1374673
29820474840546,949394
29820511981602,938180
29820528598532,973545
29820690725835,1060766
29820725229102,1044680
29820750820431,26542267
29820767972696,910856
29820826624218,837158
29820834836646,9016458
29820862865544,1222205
29820897974968,1228100
29820921559235,975581
29820926577346,5938350
29820939844396,1054634
29820958293572,871343
29820981144883,861977
29821000220663,753977
29821043894615,932042
29821106232730,1033595
29821130759492,25552321
29821155607780,902693
29821186573323,1052816
29821224416411,38783645
29821234206119,1006641
29821244488149,11242438
29821321924189,66445643
29821338856444,1184088
29821377988033,1080655
29821640098761,1173560
29821713097771,932587
29821986761282,133985772
29822004225966,952811
29822029641831,26291304
29822038730694,791982
29822060648956,874939
29822217300820,119705305
29822289325217,23430665
29822351233336,27937498
29822368316707,936990
29822404616595,1148060
29822421744090,829292
29822439815633,855651
29822704950317,1036654
29822728736271,24739776
29822823494420,941006
29823093489360,1152359
29823234713211,1045739
29823269104188,1116076
29823303644469,858183
29823585274032,247324564
29823603436627,1024152
29823679549473,3991998
29823745410340,1203950
29824019794410,221846998
29824226994441,1112521
29824274923560,1116150
29824327884407,53980534
29824635810561,186781182
29824661227939,1028056
29824772922812,83635913
29824784752020,95536380
29824829640340,856344
29824865398517,1073489
29824900604519,1004559
29824935620280,1029831
29824970768258,917376
29825033724514,28035496
29825067739563,1050292
29825125445712,25224318
29825173211258,956453
29825194668538,889228
29825210396999,713413
29825226462637,738595
29825271030279,887012
29825364563871,94337508
29825386966302,1194413
29825606918924,203962448
29825609776811,206886928
29826081144697,84153545
29826132423154,1034501
29826252326461,120855834
29826269177020,1241976
29826303058515,1188056
29826382507878,80495720
29826431280650,885308
29826587748343,1335491
29826622458450,918967
29827218532054,166026826
29827372926236,52654034
29828025721829,620223801
29828790465004,731304582
29828799391694,740259480
29828819284551,760127190
29828997194721,900227
29829134266972,1201940
29829325195164,192102451
29829348057616,1287626
29829372381317,1074273
29829623685542,1322222
29829663388557,949313
29830038132168,1023954
29830751321102,597778835
29830757792887,604397051
29830784930326,999051
29830800632113,875397
29830826741891,1142707
29831955558077,1023865976
29832101512013,98770924
29832202040578,959860
29832237147318,1042689
29832336966772,889444
29832437548394,1090460
29832568738901,132197341
29832586246396,1066863
29832596936862,11679213
29832636076265,1274021
29832745258660,60533956
29833138929302,356874826
29833185736298,1149891
29833218664790,992275
29833479493176,228926090
29833823998855,573410118
29833966523962,1030537
29833975397522,9844364
29834000328123,992335
29834068572065,913138
29834572881237,212007944
29834624352781,1290424
29835404244566,746537698
29835527573103,869879923
29835812217237,832344
29836052429110,240957711
29836071601376,1014070
29836087511985,830545
29836103341003,570217
29836135636550,808604
29836185360495,50439294
29836210698830,9042417
29836365463226,896797
29836568221283,168655689
29836617980658,990442
29836646246000,937986
29837913440970,1251108489
29837944997103,1001213
29838001607703,57528131
29838019629938,1048004
29838571101302,890692
29839103256652,498193000
29839137971007,839452
29839173994085,1014714
29839313533300,140464010
29839344825919,986487
29839384594155,1020565
29839469792513,67679104
29840661463280,486267647
29840674608406,499457214
29840691375304,995591
29841502279817,1069579
29841535445427,1103468
29841568259711,881807
29841848008153,876391
29842009235542,1067178
29842326230692,284863381
29842558190627,516984775
29842709269890,118101804
29842743667278,3916571
29842959433991,1181993
29842977714965,1186603
29843054079291,1074658
29843090123178,1162183
29843121399307,1089851
29843151607696,787718
29843510352773,1075453
29843634996938,90533578
29843666353965,1047745
29843803723134,3992656
29843983920125,184082283
29844013928127,1027574
29844030361572,718575
29844047121507,1054805
29844063776180,739752
29844640819785,492015466
29844709041756,560237264
29844742196101,11388815
29845047824469,3854035
29845350681894,185450546
29845425475565,28848044
29845784751005,259697809
29846183835617,366845977
29846679095655,444343595
29846851744835,60006871
29846901291989,1019289
29847220707560,218218277
29847441716366,872957
29848070535322,597403733
29848276449730,1070643
29848673383286,364860788
29849034108536,1364469
29849455325962,389125879
29849798531303,282305704
29850128681406,215534997
29850164545435,1260233
29850198872897,811489
29850236152049,38008600
29850252197882,921497
29850316115900,1187530
29850534941137,184177861
29850922250041,251215988
29850969281789,968295
29851050403687,82005716
29851101390763,4097916
29851447232918,242358354
29851529229694,856429
29851830810979,266374023
29852331760459,767329649
29852611630718,1047209617
29852686283577,1121872873
29855288844141,3724357559
29857619835813,6055117263
29858010865423,6446171579
29858211056710,6646342650
29858836678863,7272136906
29860113419820,8548712447
