26724779790875,65289151
26724797260394,810291
26724985113684,173160484
26725067232769,65623343
26725083018505,706870
26725109281789,11005828
26725127317300,699423
26725214773532,66314527
26725230560962,796101
26725245800885,680461
26725261417873,699728
26725345283723,64913842
26725478656278,118955904
26725494603607,876191
26725681391275,171522156
26725696901893,714128
26725715643516,719547
26725849521680,119247626
26725867162014,723313
26729010280211,3128461399
26729757677343,683686178
26729879344935,65850564
26729898239985,819535
26729953412795,987637
26729979867287,566531
26730289006815,259136148
26730312325438,734650
26730646786568,880252
26730683624732,715711
26730777469535,898411
26730797950295,484148
26730882145286,64671472
26730907743064,850944
26730938943329,708645
26731037055908,717000
26731070317087,816921
26731089427954,597146
26731105772541,760304
26731188865282,64686472
26731207477072,722289
26731223149301,729665
26731238553727,546599
26731330153804,65132879
26731346333517,816715
26731365548471,832466
26731446938277,65599471
26731469948309,744306
26731669314487,171090401
26731873677575,65765665
26732177473123,194919468
26732198937217,1002001
26732221819619,872788
26732266714072,11306123
26732285914803,763818
26732307277471,600230
26732368534594,21269521
26732404380982,799637
26732431202671,540206
26732450965287,733772
26732466883694,502284
26732482905255,605601
26732503142619,671805
26732523258616,552291
26733239185196,693279728
26733273706609,1047408
26733357053291,65884098
26733376145481,1081532
26733462937764,66286797
26733579926954,66090511
26734288000980,690726884
26734306418082,1101815
26736300167304,1977187955
26736347324839,1044122
26736364913287,669256
26739530463389,3150257758
26739617107554,944751
26739634618061,711763
26739651876893,1413644
26739844041544,174738829
26740037474987,174922729
26740120924380,65881850
26740215048019,65932606
26740300731278,65987263
26740321792581,847738
26740338831852,582362
26740368845939,11326965
26740385181440,990251
26740402277895,655606
26740421548054,779200
26740456414652,734835
26740491996845,781374
26740507895073,647751
26740528447564,3601595
26740609255455,65521568
26740632970448,1000783
26740739445157,66008503
26740757705866,1199910
26740920911193,140965301
26740937641500,800264
26740953948146,693253
26741037597215,65922531
26741054666254,813203
26741075589694,1073415
26741102113262,1077451
26743102942172,1984671638
26743236566717,744094
26743319859465,65129969
26743349964980,11161434
26743562993536,172999487
26743642372555,64987234
26743663148583,1181498
26743742129257,65013763
26743757755951,721741
26743844604793,65284017
26743860163465,793465
26743877768899,636957
26744141129231,174857862
26744157127162,822288
26744192237394,960162
26744282058502,65390694
26744299180510,1108869
26744313940702,641818
26744337455552,636785
26748232829101,3870481043
26748469549659,175044093
26748495308989,2471192
26748511992706,630389
26748595727253,1156723
26748616773735,1126462
26748650014638,702420
26748739691405,65773309
26748756355043,799094
26748775512605,641404
26748804571294,644781
26748827083434,1180322
26749038987655,195824047
26749056579524,676462
26749073616251,646899
26749154405921,65989160
26749176109876,693125
26749266244467,65604829
26749289587831,765908
26749314665277,777639
26749330066464,561445
26749349230343,730712
26749368448278,766318
26749396150084,11253903
26749422971749,757951
26749504183856,65351755
26749522529923,869248
26749542213063,901721
26751533895760,1969809863
26751648126277,64588391
26751672961240,687743
26751870385169,174590206
26752210013017,313046040
26752238338665,767167
26752318596861,65710686
26752334287737,784016
26752349525644,491375
26752787131364,421267437
26752929574977,120138438
26753121322885,174729519
26753141475372,935203
26753158251541,716258
26753175684915,684464
26753195654986,651843
26753213186924,648349
26753251366964,1005210
26753270054147,3476162
26753288794564,3567565
26753650185895,346662053
26753681829234,876178
26753700220155,3695428
26753715736251,591148
26753737338707,843492
26753758296296,641637
26753789978910,1142307
26753826083507,751350
26753845892593,611144
26753861701695,692150
26753880851242,1381970
26753895794933,675568
26753911144719,809698
26753927576626,593350
26753943011373,668960
26753960114244,881021
26753980574646,879641
26753999072337,844252
26754190240030,175873031
26754382256346,175208310
26754463620659,65563863
26754480198358,890608
26754495539630,616356
26754687796896,174054235
26754899813156,175088447
26754926868895,11150863
26755288274059,346279387
26755443720439,140284718
26755459710685,802273
26755541587727,761691
26755599208019,766039
26755636444444,959512
26755662937595,674464
26755827162519,119430571
26755842858784,1019332
26755857833016,607764
26755873292868,623219
26755888464768,685365
26755909141797,1071119
26755925012445,690088
26755941522867,565103
26755957776808,679745
26756037440862,65289907
26756057285573,1216894
26756073968110,903885
26756136071835,1152010
26756217316775,65457314
26756233005122,921805
26756254635072,873733
26756272211555,964402
26756287511409,662763
26756307538188,1022019
26756404041467,66430725
26756954758326,532971422
26756972453809,1039805
26756989234983,594384
26757005827522,576516
26757141619911,120681072
26757343539718,185207791
26759345160123,1983249314
26759384494464,1136022
26759465819868,65476147
26760009274626,423426455
26760044791660,1074068
26760126138628,65761021
26760211204831,65843012
26760467477812,174476345
26760662454078,174052647
26760678330520,860943
26760700413070,910015
26760786496531,65555133
26761039156407,173659974
26761060903517,718729
26761617843542,532507102
26761914468827,923553
26762367806929,421873712
26762452478625,65637766
26762609722414,140110140
26762686822661,782934
26762703057867,605910
26762731223607,618788
26762791638588,778329
26762828276372,962462
26762849597601,499282
26763436686030,572281597
26763466181302,830390
26763656445842,174829844
26763738341876,65628164
26763754103464,661666
26763782852949,11122515
26763823255882,816454
26763862986801,678085
26764053992523,175514273
26764070147762,906126
26764258443697,173629957
26764274537682,797290
26764293460015,786158
26764678399320,370257551
26764733847438,1027563
26764751470622,569928
26764942498197,175240165
26764964776002,680384
26764982308629,608065
26765000115546,687373
26765015534830,643220
26765102890986,65806925
26765183359114,65203331
26765201444582,753916
26765216773118,660271
26765232653853,527172
26765249149284,483985
26765278462674,487553
26765318041280,803625
26765797441862,464582705
26765813684339,738099
26765832305506,744517
26765862298584,675169
26765887580797,848226
26765904803458,546613
26765920117682,624089
26765956016851,649052
26765975200128,3459774
26765990837834,834792
26766005812253,588783
26766021292518,552739
26766037460704,651117
26766052910921,1022310
26766069006115,664065
26766174980291,85927753
26766191479410,1138833
26766206965782,652752
26766343333567,119862859
26766613071554,874501
26766646065454,623149
26766661889681,963503
26766677196004,571334
26766695891283,3416207
26766715135619,673834
26766851427453,119966426
26766870807849,1022638
26767007022448,119711065
26767088108696,66043299
26767820376583,694047396
26767906916379,65353684
26768129710320,174944610
26768159972943,882592
26768182953912,712450
26768441166371,174389694
26768521395951,65524279
26768603539170,66073093
26768618620108,808476
26768893318286,260519426
26768917449304,762448
26768936158409,617992
26768951176720,540151
26768966794796,750276
26768991894567,10988334
26769075189157,65573263
26769090877888,1114487
26769279178089,174351929
26769360103538,64970502
26769439864324,65559121
26769531757516,65275402
26769550783637,1052670
26769572608087,519040
26769596268991,589356
26769611603465,648351
26769799491264,173635578
26769879602176,65625061
26770080084989,183074668
26770179300804,64791819
26770195250919,780721
26770217772393,973703
26770420031783,184373499
26770437012204,743837
26770707019118,247518882
26770845281896,119221747
26770927073319,923433
26771032843678,64255413
26771053686956,769320
26771088645512,755669
26771105872891,705697
26771295404034,174672890
26771326522112,786444
26771407132966,65446757
26771427493725,749914
26771449522470,464533
26771638735357,171943606
26771676553535,1035901
26775570731105,3852842325
26775630982419,900940
26775651102841,3257017
26776365990106,688891301
26776409820539,857705
26776428652365,3396331
26776472226701,725783
26776613576125,119662578
26776628854759,1027289
26776642442940,586110
26777000630427,344890123
26777471591413,350669677
26780650287011,3162175290
26780687333903,1077422
26780702000326,661693
26780841909131,120113527
26780857078947,828500
26781003770834,129867904
26781342009937,314163943
26781498327222,140506297
26781514942408,1099054
26781662629589,130404472
26781682711296,864751
26781875365224,175040472
26781908474021,685691
26782029950404,1117461
26782519074586,463828338
26782536354628,845104
26782617491158,65744856
26782637999041,816307
26782674497465,21111209
26782879435539,175017938
26783068105708,174763609
26783094415294,732242
26783109116628,653089
26783127721240,548097
26783218211036,65839190
26783233123936,953647
26783426724387,174741129
26783510057838,66007384
26783525257042,843802
26783607536835,65186738
26783622184256,660491
26783639876368,655427
26784011121076,346380725
26784026075981,792383
26784040592761,562496
26784055118580,795598
26784069673588,714955
26784088521616,785320
26784103973456,530169
26784183638754,65030745
26784198584263,632141
26784212988317,667067
26784648347651,418465535
26784663513736,714909
26784850571631,172547973
26784895515707,650269
26784915649350,489168
26784995095448,64907807
26785207708325,195107454
26785224660318,907456
26785245398789,1092125
26785521423208,260423872
26785539101918,814575
26785739729740,184183752
26785757109689,872062
26785772459041,642204
26785860819664,65186401
26785879898045,3546487
26785963541776,64689003
26786044475649,65400201
26786089423636,1163840
26786261272831,65379140
26786343913556,65663254
26790236097227,3841374077
26790677825364,357126567
26790708366295,11180532
26790736272076,699464
26790823387987,65771875
26790842256599,839074
26790901580540,1066437
26790916966924,590356
26791106424804,174572275
26791122906916,1119181
26791138631071,697519
26791155315181,693042
26791174112106,807275
26791362712702,173762163
26791380002923,853445
26791395830202,578991
26791498941215,85213063
26791517896845,1096072
26791536670046,905566
26791553414290,716528
26791913482516,341514454
26792008514074,923651
26795225351162,3155988869
26795270603035,872313
26795300546004,3512193
26795317366357,749099
26795342720250,3509380
26795499414420,140031216
26795689037998,173808307
26795705556806,781710
26795724022140,794783
26797724440311,1980492942
26797763784233,1635402
26797952751258,173882906
26797969121490,827957
26798298342718,314349337
26798664207105,348252226
26798745337498,65800032
26799225914638,422441745
26799329341510,65475316
26799346616345,847382
26799362181978,722533
26799377805231,894767
26799458147521,65094042
26799478571052,3507452
26799495679005,526122
26799581913650,65201279
26799715895634,118752157
26799742797070,3410644
26799778787767,792769
26800160735111,366785839
26800353377411,174754442
26800444623954,65903199
26800469140408,4294485
26800548342691,65293905
26800565753892,3526940
26800579973357,543933
26800596753237,863649
26800616746190,598865
26800632369753,917062
26800651079385,3234460
26800665988890,507544
26800681094177,541607
26800869823846,174231496
26800886331833,843117
26800901929341,629739
26804062527166,3144326323
26804188855642,66715526
26804204768834,722535
26804546982882,314480458
26804564062219,802052
26804579888891,678826
26804596059077,791812
26804613202696,693080
26804630269870,1091329
26808521092658,3869183672
26808604313016,1004272
26808795029797,173729605
26808816940680,1053414
26808831851488,574313
26808976954730,130050055
26809132850555,139933670
26809152827487,826473
26809168275198,650665
26809183395210,708810
26809371086944,173198174
26813223620163,3837330232
26813292403717,823070
26813308177324,460475
26813390537624,65489980
26813594552138,173034919
26813673542959,63803233
26817547471735,3854293644
26817583723712,887936
26817599261608,701614
26817616596949,765369
26817632091981,518093
26817652128086,852262
26817806913094,119846437
26817824458403,965928
26817846078747,818057
26817983293972,120348371
26817998475242,633935
26818189263580,174707773
26818208349133,3672894
26818290166792,65760065
26818307350311,785538
26818324524583,859298
26818561915823,140737601
26818579375706,940463
26818595233406,590213
26818611031958,1000723
26819325652042,692756850
26819437983756,65509385
26819456239646,881725
26819477639694,799275
26819505318450,11050982
26819694479598,174426082
26819843404702,120342465
26819924735528,66092168
26819943064142,797976
26820022138293,64992128
26820175421167,119421612
26820375316162,174231160
26824290667640,3895896455
26824347965939,821011
26824365337077,879068
26824384857718,901579
26824403240428,3714620
26824424849148,3698862
26824647595697,195098022
26824707013892,910958
26824900479367,174909636
26824960251148,916014
26825001678457,825285
26825120206097,79909885
26825203230049,65774119
26825391375049,173598796
26825592566490,173748835
26825608570150,862451
26826028385914,399285144
26826044653797,953588
26826180087406,120449682
26826202765977,869534
26826217645531,535276
26826235478339,657701
26826319334602,65958028
26826929722037,573602299
26827140306244,194586100
26827156576479,734356
26827172221907,775681
26827448078374,259470266
26827465266812,828273
26827506941067,911157
26827921869688,396847776
26827940312285,851438
26828022601784,65184344
26828102034877,65424706
26828125889914,829799
26828146691629,3457694
26828163213132,695311
26828177891034,570536
26828197115004,669360
26828277067524,65528756
26828301611711,994799
26828387917255,65196163
26828418366321,1191514
26828435794816,826174
26828454534912,3366837
26828481408462,767768
26828564746749,65069661
26828582424181,1045323
26828600502447,723524
26828618030580,706769
26828635332368,529599
26828653680941,605524
26830651488073,1981722600
26830736797700,910876
26830753485445,719879
26830769723637,674472
26830835868729,849664
26831083441360,229172300
26831101238669,941782
26831119174689,821520
26831136262472,904581
26831328412142,174070733
26831347018113,734954
26831541348783,175024433
26831559492683,715311
26831698994149,120848222
26835826171087,3866815426
26835883440835,834135
26835898788991,891501
26836089022900,175119436
26836105453405,764918
26836488697788,368873664
26836512900851,830843
26836995858886,463599191
26837097614603,838275
26837289346184,175100575
26837335690259,919838
26837409999518,768454
26837425220391,728135
26837468001065,876974
26837486740179,793948
26837677788354,174211006
26837887609421,194906798
26837936514386,994287
26838302275858,347817647
26838319014607,924852
26838401659743,65549707
26838419746716,801501
26838452915816,11247492
26838468989063,821946
26838681562738,195224958
26838743340898,1100335
26838799265025,809719
26838826387598,912703
26838841893934,681053
26838858640191,928157
26838873999082,661741
26838890983025,827749
26838917770006,902172
26839659967438,718357844
26839857211616,173146117
26840046417125,173198161
26840078655208,859906
26840094222420,546651
26840110096544,697195
26840126260040,714237
26840315226948,174183642
26840333818469,3698618
26840436105756,65933617
26840462602972,752160
26840601406257,119877732
26840620521161,790457
26840637588432,744026
26842633883634,1981029265
26845795932196,129828894
26845829927826,861006
26845852135782,761275
26845967065226,96901872
26846050405471,65776564
26846243570240,173195752
26846261423656,868340
26846285631839,3692317
26846492774285,173278847
26846530108841,762444
26846850215751,85780638
26846945270828,65257978
26847034372345,820635
26847097890199,871593
26847312230189,185572107
26847733468413,401011143
26847750787960,712207
26847898506553,129939760
26847967080080,785459
26848334699637,347928718
26848419352050,65581314
26848442324590,731340
26848519116624,869682
26848551159150,903058
26848670329854,714598
26848689241414,874903
26848817850706,1183771
26848966614875,130270434
26849082368787,66370741
26849431269236,259960819
26849471112274,865603
26849523659512,815208
26849541350515,865210
26849739282171,174190253
26849786661586,891503
26849895897852,65546242
26849917715308,787217
26849953143401,871934
26849971360945,756875
26850001104631,1607213
26850104323483,66416372
26850141840436,1068617
26850244874301,66034397
26853426255996,3162056397
26853662671585,195656834
26853693724845,756898
26853720427104,914811
26853741316254,735842
26853880337205,120469634
26853900236373,674936
26853922220202,890102
26853940379094,791229
26854019823358,65581771
26854039569870,724673
26854121982628,65636386
26854139167882,746897
26854165668799,825978
26854187228442,686831
26854208135618,895557
26854400294102,173259767
26854414572023,979480
26854428338413,717085
26854442041133,692217
26854457668854,698980
26854647201777,173657512
26854688777295,938858
26854706566913,758665
26854724061120,970511
26854873874752,120214665
26855329864903,432925209
26855348037889,834314
26855369732786,875515
26855408618164,1034834
26855691238293,262544957
26855771863227,909577
26855861164823,65370401
26855885351887,856803
26855910098362,932571
26855933118123,932024
26856022165691,65734222
26856103656076,65435066
26856163126304,743269
26856185892277,1162666
26856377285307,174128628
26856887759878,464993595
26857195723637,65361830
26861140833162,3867988694
26861349095821,65940739
26861546592226,174345925
26861563872712,930797
26861585868915,794210
26861613314001,1238614
26861630433509,734227
26861653477018,1199187
26861682523810,878678
26861874290519,174463265
26861957946267,65749919
26862047087509,66164931
26862235982406,120710634
26862258127579,719390
26862278752115,865159
26862296779362,712825
26862783590312,464720169
26862866482453,65613984
26863001182790,119998475
26863020827046,851786
26863102966269,65391982
26863126030231,857626
26863142986180,851165
26863233505601,76093361
26863264280848,749893
26863281098808,700913
26863308823346,891053
26863504094227,174824420
26863585696737,65794399
26863603370580,715909
26864191733900,571368674
26864212503942,3768574
26864925980957,692583442
26865311849279,369083601
26865915412529,571049023
26866125502363,174633593
26866564257688,424338107
26866584362471,862533
26866605892093,792158
26866621299327,900040
26866985118310,346443124
26867000303400,779952
26867283058503,258896397
26867300428355,765196
26867735145739,420020322
26867890108910,119429167
26867905781530,848841
26868490601998,571275252
26868511015166,1001843
26868690164974,120497616
26868705195494,890860
26868720633219,809258
26868739006574,1206840
26868760304889,692185
26868785281397,896975
26868800493398,763110
26868815338905,875260
26868830261662,713192
26868845177452,1052708
26868859787654,697750
26869048921507,174733492
26869139565486,75707390
26869154844657,1116816
26869255989689,65668891
26869273602822,1111697
26869353422039,65739986
26869542776660,174678909
26869558417973,736655
26869573738330,675788
26869718436972,130311719
26869735634507,949916
26869751730295,876977
26869849942843,65904749
26869864939042,736449
26869884035410,3562718
26869964790587,65757426
26869981640403,724029
26869998436330,685170
26870079007912,66672349
26870158501780,65482315
26870197986031,911576
26870243845532,899596
26870260633302,748128
26870676741502,400257678
26870693544182,839824
26870710197307,937011
26870899169086,174787507
26871099665527,185308019
26871114975503,838650
26871197428512,68005171
26871277803876,65937647
26871359089189,65598718
26871380580591,785652
26871744301301,347523781
26871794062705,919723
26871906210364,65560751
26871987053831,65574784
26872006024619,3633700
26872088039276,65814962
26872103273165,703078
26872812633838,694892234
26872830398919,1079766
26872845399584,544685
26872862412124,1042450
26872942578822,65703740
26872958176682,1094267
26872973465502,614438
26872988393767,590214
26873177143342,174384453
26873276980667,66279244
26873297531863,3763876
26873312662359,772501
26874016756355,688647149
26874048486715,1306593
26874526834680,462561521
26874547743806,1131692
26874563260271,771780
26875268989862,688746278
26875288677394,807986
26875318255576,657988
26875333810298,540276
26875350962043,703662
26875450965132,65250037
26875469869208,871097
26875489696669,909284
26875506709642,587925
26875524458251,784811
26875545864716,864896
26876260059283,688955920
26876317002688,927251
26876332835314,775690
26876348035920,834165
26876432777022,65373054
26876654383803,194661575
26876895617303,119380861
26876912162821,772475
26877240671873,314195306
26877262178339,949026
26877454462414,174153652
26877535586497,65850902
26877617162938,1034769
26877633062632,805682
26877717494898,66347618
26878300682145,568612665
26878335400372,871709
26878363833740,795973
26878559956724,174770129
26878581209459,3708284
26878599319544,859058
26878619309806,888219
26878635663101,788498
26878651894451,823913
26879238578651,571622288
26879337328641,65751955
26879357017160,797153
26879375255537,860049
26879394735670,842678
26879485783117,65534946
26879502205901,841383
26879521510017,1091787
26883391227573,3854446261
26883427074637,802396
26883446957862,3451143
26883489455847,1039906
26883570494186,65187594
26883590775877,913305
26883607108690,1170833
26884153165708,530467035
26884288381864,119701217
26884372849725,65589595
26884454004851,65792691
26884473106861,869675
26884489849198,798895
26884570444604,65694805
26884759833298,173901240
26884840692763,65145719
26884857378380,886351
26884872980402,785982
26884889034098,770679
26885088630245,184320660
26885105145789,807921
26885380173040,260366941
26885404007040,790036
26885507857665,66359726
26885523244111,799306
26885539597301,920895
26886017857573,464159303
26886206345531,174556928
26886225220616,3686958
26886239905191,799203
26886254408387,756620
26886390282641,119991933
26886721092717,313855723
26886845903787,831467
26886860798748,711188
26886940785966,65512359
26886955823032,787781
26886973254673,949832
26887007493940,11019020
26887022663223,839311
26887103000989,66315546
26887117710218,694495
26887306192060,174646444
26890489620222,3162423036
26890537083724,887089
26890619296714,65901215
26890656249543,21675257
26890672086175,763270
26890754447130,65148426
26891152096603,369683371
26891861459897,693257606
26891897913729,839280
26892019549716,65571113
26892035512570,896111
26892052358951,839396
26892068297481,556159
26892092737109,719089
26892109950114,756484
26892193012284,65935189
26892216672355,1032287
26892316772345,65635987
26892332054925,853492
26892348185190,793962
26896236363875,3873558601
26896294838864,870815
26896352072226,734425
26896368193533,967529
26896850232422,464446612
26896935021920,65946798
26896999796999,790863
26897043449109,913526
26897438339719,369128457
26897454680816,860467
26897536825544,65847334
26897617792263,66053061
26897633669295,857299
26897650428103,650212
26897669205518,3768742
26897825208201,140718732
26898027139948,185428240
26898043201987,707483
26898060125723,873735
26900047650859,1972430700
26900509085058,421084975
26900679943483,129813934
26900762230541,64755903
26900777378332,902974
26900856266891,64594064
26900872834205,1179188
26901068624798,172019081
26901092787340,786958
26901125457980,10972867
26901141869989,692916
26901158048474,556908
26901194603073,21559140
26901211621987,632484
26901238690987,698042
26901257319189,599548
26901336972505,65287960
26901357960493,764606
26901377136199,731845
26901788084834,346204942
26901821570254,725842
26901844188761,648279
26901864718073,1068818
26901915662542,701659
26901933410960,803164
26901959820841,725402
26901975115645,658777
26902059736413,66743930
26902131206064,735635
26902214392915,65895479
26902231010976,709224
26902426273633,173315708
26902507741624,64421940
26902525685277,740464
26902541690824,647643
26902557198817,757578
26902637502947,65432817
26902655557181,762535
26902672784051,651130
26903149737537,462178888
26903427521088,261065015
26903443611421,964415
26903631032485,172485103
26903646832784,980133
26903727473939,65167511
26903747573558,649958
26903828336810,64085047
26903845102879,699453
26903865277481,752920
26907717547071,3836987545
26907932472476,172808031
26907948182142,728660
26907963158933,520959
26907979604160,748134
26908171607393,172423732
26908190792743,719385
26908209565080,577618
26908239684328,723778
26908257672092,572232
26908272918259,834189
26908288205542,961165
26908476312540,173460704
26908494628813,3677496
26908509390046,510248
26909046979226,522852092
26909066798371,1033897
26909081624585,550216
26909099496344,745612
26909289305240,175178183
26909306226102,1033926
26909321076915,536087
26909401625347,65969855
26909508400137,65752673
26909525679088,933978
26909542533470,872295
26909622502120,64519681
26909637896517,696638
26910003436888,349547188
26910036356785,845412
26910052012117,1011632
26910066225808,652695
26910146273555,65181568
26910228794253,65634732
26910246085975,657618
26910434694002,174780207
26910453826365,1152240
26910486060101,769164
26910501814549,845178
26910516215935,845182
26910598849944,65444058
26910679114564,66188638
26910693872015,820758
26910709238021,684348
26910723701700,729528
26910738364640,533291
26910992123281,240045040
26911006859062,659392
26911021464118,617450
26911035573166,636005
26911115743124,65688865
26911199141604,66104935
26911213920312,844935
26911228262118,513347
26915101092679,3858853308
26915148055163,1015107
26915166584766,459440
26915645543039,463851398
26915661805298,886878
26915762521482,85896744
26915864260099,85677687
26915879600101,652761
26915895196831,806643
26915976414651,65158684
26915991565190,725817
26916007056699,976456
26916088340218,65436902
26916107610314,3587650
26916126865578,3592185
26916147252058,824245
26916165636613,687546
26916181417632,736171
26916197123045,877718
26916227132971,861477
26916242957482,939672
26916259861335,897109
26916277903695,852067
26916297581176,869939
26916889226759,571043910
26916914748073,4410697
26916934791233,632148
26917124385464,174816878
26917368709453,174505808
26917385635871,1111595
26917402420753,817240
26917422363668,837257
26917438166191,645802
26917454599582,595436
26917473444925,3485355
26917489226371,540692
26917505821492,555037
26917696832964,174949735
26917714351706,651751
26919716958322,1985541370
26919781867994,719945
26919938015471,139649174
26920020896359,833383
26920036486296,551848
26920052160465,630210
26920413797135,346066320
26920431481784,1522020
26920449491468,872599
26920665756720,196071158
26921028398460,346228735
26921111840432,65846918
26921214497276,86983342
26921232990618,1106143
26921314347242,65876244
26921339865179,738357
26921474506225,66845442
26921502734171,11490336
26921519638329,1162584
26925402601233,3867047860
26925448131852,888984
26925462822633,900926
26925652385704,174983064
26925671730314,3753931
26925689146206,861745
26926275672593,571948151
26926294046568,894876
26926381640764,65551335
26926472187561,66135074
26926660668272,174070622
26926676277749,930827
26926691055569,624086
26926705849812,860007
26926720647076,853691
26926735723888,743076
26926750843378,662382
26926771825798,835370
26926787179984,1082730
26926802273270,725771
26926817180622,883104
26926833231154,857696
26926857202335,899131
26926927575400,884889
26926989932705,11400895
26927032023295,11325260
26927470515330,423509992
26927629446313,120842229
26927649310064,849444
26927665720846,815452
26927856411829,174008214
26927955563744,65462858
26928046270827,65342735
26928068051479,924555
26928084505744,842323
26928102062657,800846
26928120680989,846889
26928707940779,569150456
26929126139931,399750298
26929318421384,175533369
26929339100963,717360
26929355485055,917921
26932536233160,3164805103
26932919133206,314698312
26933211169143,260939322
26933417547915,175539242
26933433452818,887007
26933623399237,174518385
26934006028711,368543516
26934204072761,175586015
26934221593152,1077112
26934808640834,572407523
26934840469625,789222
26934860889997,890900
26934882902521,841705
26934910483408,904530
26935273884423,348587502
26935314031126,21564951
26935393295928,65327620
26935408165486,1005370
26935423477035,822466
26935441684979,781864
26935674123752,3759018
26935770718992,65945868
26935873295525,86541267
26935891838745,781714
26936123238299,790816
26936143017342,789834
26936189175956,1020183
26936378536192,174322684
26936459365415,65402513
26936475570169,1057057
26936491256652,1134815
26936571602521,66094331
26936586812704,660351
26936820398343,772771
26936919899879,897056
26937047620621,806911
26937143002188,66274871
26937370811116,196459481
26937387721763,952854
26937404004215,945527
26937443150663,889700
26937466922090,617930
26937482812428,693063
26937500764667,570898
26937559944397,840096
26937578442020,813535
26937594799746,693780
26937787461506,175629830
26938015001607,194870564
26938151922889,119783020
26938169668611,783948
26938558448698,369240430
26938575995364,1092509
26938595536425,3367726
26938614454429,941050
26938632061295,666570
26938714768734,65561661
26938905612362,175215502
26938945331542,920811
26938965872854,757534
26939045380562,65631350
26939059965241,880048
26939074831783,644127
26939089851136,626143
26939105287281,1063350
26942971897655,3852832702
26943019026185,3874108
26943100675062,65931737
26943180836723,64894539
26943370752564,174487244
26943386533700,799838
26943577044431,173291938
26943593048694,871835
26943610481288,566106
26943626146880,569355
26943717040258,75446933
26943801271894,66235750
26943823976612,671896
26943840012374,788101
26944166936219,312400061
26944579079624,397013379
26944599442476,903657
26944623151827,1035737
26944638077454,480240
26944774514005,119054394
26944790188512,885885
26944805711239,687048
26944822636080,849027
26944903127189,65258524
26944918724829,970685
26944934168828,784546
26945122980460,173019398
26945216201666,64923611
26945231607940,775279
26945313526367,65599282
26945331750877,682670
26945347459412,813670
26945428070015,65605064
26945444168570,917990
26945466179213,1087779
26945943912855,463730501
26945959504604,862812
26946039291349,65256942
26946054608716,661676
26946069892823,613623
26946225919964,140339907
26946242500112,763416
26946438369429,175900239
26946454157911,739649
26946469790907,775936
26946486948891,1109456
26946503053414,650126
26946615931618,86949683
26946804821925,174124093
26947212215266,354762210
26947306114561,65646375
26947719172368,397985527
26947736034243,718535
26947754519924,824528
26947769788807,693758
26947786311438,876618
26948115478503,310991427
26948146076713,749556
26948177862298,767003
26948260687641,65495825
26948279434528,928968
26948863967595,568110107
26949134888178,247870997
26949216794244,66271373
26949255087895,847795
26949447139275,175015735
26949462745440,825932
26949479492430,575230
26949500125791,858994
26949635837554,117999336
26949652243377,1072626
26949667276192,754117
26949682997820,980612
26949873424086,174610555
26949889846110,763059
26949910410593,797253
26949925958955,664049
26949944804470,770213
26950025120969,65039987
26950045211598,900327
26950062587115,844831
26950214317666,120654155
26950296093330,65829638
26950314351607,808942
26950502410861,172797345
26950534938199,1134381
26950552628192,658459
26950695550405,119794841
26950781544714,66187282
26950797405116,1032183
26950879450996,65973127
26950895433026,880603
26951037295088,118298503
26951056539008,817992
26951076101123,571430
26951094063765,629994
26951110967388,733204
26951196534754,65676068
26951215289892,829361
26951317202683,65516437
26951337370639,3563164
26951354445528,794539
26951371581961,564878
26951387873057,745116
26951470331053,65925759
26951487987876,735577
26951522377842,719207
26951725799699,65306396
26951810338030,65717089
26951842541126,829431
26951861552969,563173
26951877682731,642692
26952068486312,174990401
26952085350599,712241
26952104178115,747684
26952252565391,120120620
26952580822730,312344338
26952670685793,65266607
26952687251666,1078288
26953105253181,400802254
26953126174009,795394
26953172986458,21371015
26953363816468,175107372
26953399356893,3836306
26953415572785,572711
26953430938098,645366
26953510606975,66133145
26953989569239,465190401
26954717980659,689433201
26954734863227,1085484
26958608559999,3859184877
26958720690755,706489
26958743257430,615191
26958797035613,922835
26958815269340,633117
26958894909778,65377797
26962059468213,3147757004
26962506226645,894276
26962525777264,651974
26962562626781,657641
26962720938419,804480
26963163964556,424223161
26963187258349,3651927
26963206501899,591216
26963222722743,644502
26963329917776,86230067
26963356019517,3499708
26963449336228,66210157
26963531435626,65940469
26963559771565,11264088
26964151166852,571498708
26964167988049,860787
26964198139797,909611
26964212951755,721965
26964233588182,665268
26964248460563,744429
26964438946551,174299575
26964518695491,65408112
26964664538100,130732315
26964810901545,130560430
26964826325332,645155
26964844502771,713959
26964859194915,890606
26964874954888,676393
26965009093963,120323850
26965155576364,120673008
26965170464178,710588
26965187399511,556276
26965267141433,65280135
26965288526467,747538
26965307436842,713608
26965389015198,65616750
26965581661301,174830049
26965597130430,1096349
26965611668133,593433
26965626511550,608802
26965641153173,674526
26965657211522,593021
26965793259501,120189381
26965809188184,952659
26969690088474,3866184108
26969734000798,1031663
26969758232312,1017472
26969773035262,743967
26969787546671,719286
26969975834833,174427301
26969992578282,860219
26970007310776,484124
26970107286563,86103265
26970122156285,804024
26970147882490,10777194
26970228550510,65930873
26970245823265,963443
26970326392128,64586595
26970808239208,464061724
26970824799986,964882
26970841120958,637769
26970855863030,632250
26971052846786,183318459
26971075354881,671632
26971262328281,173282632
26971966656063,688593236
26972052830749,802629
26972068855121,661211
26972083625895,497039
26972098648616,773897
26972126780856,872365
26972457982793,314031344
26972544510806,64940178
26972562138246,826404
26972576827778,556506
26972782734197,192060756
26972797759368,610766
26972813052186,1356066
26972833333510,3588061
26972850756495,3340846
26972868069733,675936
26972883002184,871223
26973270098604,368602786
26973352236562,65596409
26973368555570,753983
26973387220438,639293
26973490790679,86644085
26973505968941,1091600
26973520894804,570911
26973539501108,566344
26973554194010,581191
26974135229204,566916147
26974266816331,86611086
26974679561107,397878982
26974701414677,996922
26974720641773,635178
26974735681015,511428
26974752587173,637608
26974766810640,523251
26975313622675,532096435
26975507130224,173396157
26975587473310,65201282
26975603075221,777771
26975618276952,875463
26978786852642,3153778027
26978828837184,810539
26978910967983,65682003
26979621191388,693834188
26979650868594,11382344
26979668127385,850912
26983557803182,3873629111
26983623847350,852299
26983668364856,808413
26983695105061,809365
26983778883732,65826051
26983796900024,865896
26983833277578,21287716
26983847818245,685531
26983874953686,11354967
26983890772093,666206
26983905444048,498615
26983920306032,884159
26983934735133,556356
26984316626718,367997834
26984344124563,863152
26984549474907,175066699
26984686803249,120449104
26984702393048,755511
26984782625544,65551975
26984800380710,1051423
26984821234504,737599
26985009845400,174048551
26985096723871,65443848
26985177807251,65331323
26985193299692,836180
26985208028643,535246
26985224220060,706829
26985239188052,1114509
26985319197742,65673738
26985335157523,873678
26985352135201,835312
26985431918140,65450407
26985452053717,1004667
26986039791419,570125426
26986142313683,66210575
26986159158302,757339
26986351368480,175079829
26986368154161,1120119
26986383370000,794443
26986399522360,989227
26986534610735,120153800
26986551433598,835872
26986632121759,65867112
26986716324801,65838128
26986733133254,882102
26986748214503,783691
26986827925759,65361038
26986844307964,688094
26986925897094,65882383
26987179431264,238228407
26987297184369,924439
26987850370017,399581507
26987867073433,858581
26987884468710,907262
26987899580239,564492
26987919396801,973595
26988177539037,239764460
26988215373675,3746889
26988232582126,707879
26988248798236,661294
26988266573284,631020
26988283234968,556500
26988440387589,140678653
26988476380420,900204
26988626731114,130683040
26988657711304,11059447
26988675284820,610478
26988691169124,537157
26988709815728,722246
26988819306096,86607016
26988976511640,140647233
26989001059007,791668
26989033133148,798820
26989050704732,690816
26989243697593,177605730
26989259918936,811921
26989275561855,772619
26989359403231,65237171
26989444716479,65416719
26989634627687,174664636
26989653682560,698211
26989810325257,141096198
26990523944386,693317002
26990562994153,860620
26990578412778,575634
26990596513613,3559599
26990612013952,938206
26990692791212,65504151
26990708922500,798854
26990789331783,65382309
26990818713734,871048
26990834450238,618517
26990853136326,3475481
26990894151804,823397
26992893115466,1981684906
26993013203797,65351658
26993148769420,119652807
26993165258015,1080438
26993358765985,174507444
26993378749143,3700179
26993459264241,65107270
26993477546711,3753969
26993492772193,675832
26993507664264,709101
26994214406570,691376550
26994233537930,820874
26994314402195,65629240
26997491582339,3161988517
26997596370782,65498251
26997613378141,1062935
26997634773504,714072
26997651283072,670162
26997668302805,546847
26999676893625,1978810567
26999709664788,1056232
26999726249103,670716
26999741392381,747929
26999847869551,65933721
26999864553068,770183
27000280090758,400972364
27000324784458,910039
27000480056362,140642528
27000504719424,1162723
27000529548297,716202
27000547700767,969310
27000688811480,125901400
27000704692887,1191202
27000738501297,908090
27000758728885,826160
27000774427742,706834
27001050106377,258213615
27001068568201,896800
27001256910041,172478702
27001277517479,815411
27001299749385,693063
27001379986912,65078335
27001459948267,65373073
27001478916717,781344
27005355379880,3858183951
27005455663184,66311836
27005470574334,843263
27005947844473,461316635
27005963142245,653632
27005979662624,617484
27005994862547,785986
27006013690533,904906
27006447864922,418613012
27006466077232,3317826
27006507447672,825662
27006524313315,610158
27007001892525,462816541
27007039847617,810308
27007180001990,762859
27007330987540,65402937
27007411412837,66211218
27007521621090,64900883
27007541724796,853502
27007561758171,799538
27007586533670,705885
27008288353924,683047465
27008305398756,805082
27008321178409,728077
27008354273357,713057
27008370493962,675448
27008385255957,685280
27008404420080,502141
27008419086169,488453
27008499049371,64297174
27008616226878,73459696
27008637424680,815756
27008655733747,484845
27008671353039,628752
27008686825602,700624
27008702501357,642474
27008717620989,459922
27008936405951,193586694
27008957698803,737603
27008975156881,481457
27009409563940,418784941
27009448510906,834501
27009498343083,1039201
27009512603080,849627
27009721869042,195389309
27009736626848,820344
27009754369012,574398
27009854487135,86336448
27009883829801,939450
27009920442730,568686
27009961782765,629717
27009979035253,653066
27009993559238,594189
27010007959821,584648
27010207663049,184721435
27010272946523,789321
27010288112392,517606
27010304180466,789209
27010345507939,711897
27010360423513,551582
27010447635373,64431671
27010478851986,860236
27010495262516,645555
27010575336555,64630449
27010592759446,791726
27010608916369,852174
27010628562722,848827
27010645422077,520859
27010664038504,3183963
27010683336590,582767
27010829487129,129981081
27011015514570,171208913
27011034262147,3708852
27011419043066,367776116
27011449269271,845154
27011464952007,613348
27011480766490,981234
27011495608005,579660
27011575636746,65617008
27011592593142,793150
27011624344513,612744
27011641308084,549222
27011657123076,572816
27011672609928,804348
27011689804210,646855
27011739677596,625209
27011814804548,801300
27011852976338,11380443
27011876396089,683761
27012071455523,173771999
27012087288088,861046
27012102356600,582022
27012118548806,587889
27012134156665,637323
27012408328571,259684243
27012423756164,822536
27012451834531,10761446
27012468510134,520567
27012484048090,553923
27012740141268,241371693
27012755956120,862267
27012770742547,562593
27012786090673,626323
27012801436233,900859
27012816938359,628308
27012831926565,577595
27012847171769,547093
27012929892206,67022743
27013012026166,66936021
27013094666347,66193104
27013110404059,793357
27013125868143,547293
27013142207776,572058
27013157897561,979828
27013177738330,819131
27013349151939,156595837
27017190998226,3825991781
27017239383683,691106
27017257550369,549562
27017289118478,949482
27017672896393,367686881
27017818511828,118031881
27017838247399,715731
27017857806019,666767
27018045731970,172234066
27018243281343,171279639
27018453187566,194518243
27020428678588,1958826031
27020774022379,309830769
27020794249705,997464
27020812075666,721460
27020827147614,592786
27020843231379,901853
27020858791784,690109
27020938528588,65196299
27021018950069,64152726
27021034894562,694578
27021052121150,532250
27021135151482,64638153
27021155968532,721372
27021247788367,65310349
27021263662436,1157034
27021283545501,598341
27021299288419,501647
27021315276677,585515
27021341335327,10768777
27021359767671,822543
27021377804257,3550443
27021400725718,837280
27021482962090,65084779
27025338616874,3840196637
27025465532857,65110453
27025483311264,858389
27025500242711,550441
27025516899996,800485
27025533355365,500974
27025550609500,634041
27025637737601,65835639
27025663483984,839983
27025747003906,65212587
27025769197367,853431
27025809778326,741523
27025891176422,64957543
27026193016178,64198629
27026209784468,803673
27026232047951,1042967
27026313521601,65600850
27026595103151,257972536
27026618354417,794569
27026665248954,503551
27026745785391,64452593
27026888091646,798491
27027013108551,1085450
27027032069132,718255
27027060067211,553034
27027105879081,993835
27027125320509,693370
27027143536059,657748
27027770570720,569243417
27027834861854,886711
27027853535459,864907
27027871678354,738986
27028080848218,174955698
27028291489689,194053164
27028309739109,843503
27028326361194,774233
27028593643358,237685486
27028610855163,1143054
27032476207995,3837598447
27032683422560,172824310
27033221321495,523027254
27033303118000,65185805
27033328040349,767856
27033526388919,184488598
27033541174066,766327
27033623245859,64861807
27033641377050,867463
27033829662149,172662754
27034018862881,174643929
27034035816755,859891
27034053517110,571635
27034086502277,543174
27034287046722,184938875
27034307809193,750438
27034322342570,776932
27034337525497,817095
27034416866473,65497600
27034497671538,65046350
27034536633995,847557
27034792352965,239428582
27034873678536,65914074
27034903721562,796454
27034918723794,659561
27034937682674,721646
27038109146070,3157512428
27038152604676,932398
27038167601041,720217
27038183378367,1146442
27038201984050,1167288
27038219392842,864535
27038305136292,65584655
27038322843130,698303
27038413651225,65593334
27038432132772,893777
27038573333462,120661093
27038597388394,3741798
27038614401192,722875
27038700658906,65620754
27038715734519,1055494
27038734809576,914133
27038750525496,867987
27038945550562,174923040
27038961153831,745619
27038976300226,861832
27038991830369,992648
27039008914288,898324
27039089143636,65683784
27039105769401,1057416
27039187339901,65428042
27039205893813,779095
27039342064250,119393981
27039358616725,754312
27039772733468,397589400
27039793739876,1125228
27039809972735,613118
27039828059843,582434
27039843275268,799731
27039859936526,994224
27039877116781,940691
27040066892442,173333556
27040082909825,945298
27040185274885,66009824
27040219999779,754187
27040241316292,794119
27040258188747,894531
27040475895946,195642353
27040495085353,819908
27040515392358,3703030
27040532976236,702620
27040564631498,11344322
27040596694645,1210869
27040678421889,65484425
27040763198342,66156222
27041205805561,422552766
27041243188168,3703508
27041327784292,65782219
27041463374669,119807235
27041482020787,899879
27041900844733,174283359
27042120354857,175117731
27042201597460,65567249
27042233350378,781334
27042252141291,989361
27042274633093,916798
27042360119166,65558585
27042451445605,65628585
27042657249170,174753195
27042673817122,730960
27042694484440,706389
27042711233403,614166
27042727923805,600277
27043058437771,314689884
27043075272644,892229
27043091280334,677629
27043109903014,569535
27043127610531,745669
27043144545733,637292
27043227693962,65714787
27047098574773,3855158542
27047291238809,65712074
27047308149903,858811
27047388231309,64491263
27047407328101,758839
27047632648258,174914203
27047649278158,675942
27047668305243,651832
27047749539609,65827462
27047768362479,734049
27047965068880,171360641
27047982610142,713008
27047999107130,1099050
27048134156862,119329545
27048217546310,65635377
27048242553262,828388
27048419965600,119516561
27048436845055,687757
27048454764918,652684
27048484684553,674472
27048527612696,736394
27048555837489,11064617
27048691844397,118734550
27048715319524,852828
27048732803623,576282
27048750232659,546238
27048948628139,183032058
27048985610342,734012
27049064956319,1196690
27049275130417,174226776
27049312476094,856370
27049328509663,590538
27049345722937,3509065
27049535215903,175111650
27049577552125,870449
27050142002211,475122313
27050183534409,10884391
27050199133236,901450
27050388230352,173616702
27050468037419,65849811
27050488025489,852237
27050567463815,65187329
27050668171930,65547637
27050707732938,1077038
27050789200808,65943082
27050804343094,646496
27050832103266,814271
27050967769339,120169048
27051159865015,174666510
27051241329534,65545371
27051329300895,66366589
27052068999705,688953049
27052173102734,64180209
27052240687577,1145326
27052353449906,86000800
27052369911077,752257
27052388001327,501555
27052405835036,581151
27052595895586,174868445
27052614232100,830183
27052630180800,640479
27052647306770,687051
27052668945575,3535350
27052684647210,829864
27052703691701,468942
27052742643721,601885
27052760946163,707477
27052807754697,894837
27053395051139,563182819
27053431788522,664502
27053447641680,508091
27053527737545,65336768
27053716182434,172439567
27053733870032,907734
27053748669910,604365
27053766886261,553025
27053781803795,518340
27053917495357,117610431
27053932961843,917628
27054011241558,64617738
27054026654235,675785
27054170477828,128765935
27054357450342,172964997
27054373662833,842689
27054518503314,130266197
27054719671719,170364667
27054936214574,172294935
27055322165061,368680255
27055346112416,745762
27055375084848,769060
27055389373555,606137
27055403725914,541211
27055506185886,65759349
27055772957900,249409331
27055791752649,3763793
27055810014807,641551
27055825753278,692436
27055845200176,3260675
27055862063526,612685
27055944836482,65213851
27055963165285,761536
27055992568762,539844
27056008360410,607522
27056025227746,697104
27056043885114,492302
27056067465216,962741
27056083678941,990619
27056099428490,553841
27056115314719,871392
27056132797365,743594
27056152353516,784851
27056168740530,564008
27056184585131,571466
27056263548450,64493154
27056285499966,885616
27056302183572,634705
27056383464919,64782518
27056713977760,310723012
27056729983093,1006220
27056749990177,604209
27056835109059,65187966
27056978545096,127696724
27060849212486,3853613368
27060926780736,851446
27060941507536,587869
27061079173244,120090481
27061094843404,844320
27061483142779,370043950
27061498301581,795868
27061513153739,776303
27061528272819,939657
27061543647920,659916
27061561163722,769833
27061750838919,175122397
27061798537878,775748
27061831559451,935626
27062043369917,849453
27062060822721,672270
27062127431664,932058
27062217201954,75396546
27062406417035,173944483
27062421374354,848737
27062443967136,716615
27062462473225,859439
27062477466001,852219
27062900502250,400914725
27062936868911,851601
27066808631311,3851368417
27068911607829,1981644997
27069315630604,369307592
27069332831510,1139312
27069523213126,174824397
27069618254907,65162697
27069638570165,1162098
27069655941780,712335
27069684194146,1041416
27069700886505,787503
27069721163697,858709
27069737617045,764022
27069820345459,66067453
27069838593129,845572
27069858723398,899222
27069941832824,65970127
27070133474159,174476619
27070150695447,898460
27070168006581,1099937
27070186301626,678434
27070202755967,632022
27070302686892,66011033
27070392912760,65694615
27070410070242,701571
27070446037398,807189
27070993799966,531390579
27071067427015,876710
27071255583487,174334989
27071270915642,906471
27071298250824,3726695
27071490305941,174220448
27071510961852,3699029
27071528598671,715582
27071546068671,3459275
27071560983940,721017
27071588780583,996646
27071619226313,834273
27071676916706,1247177
27071748386614,824093
27071798162031,815047
27072282302151,466717850
27072300638828,3605949
27072316515372,816025
27072903524279,571476822
27072921296867,768376
27072936377490,533723
27073124816301,174389459
27073167528472,961699
27073184398888,675156
27073266671931,65857895
27073351777151,65851795
27073368617518,819684
27073396230694,632488
27073413529118,837828
27073744905299,315532916
27073762936248,915113
27073781526435,867711
27073802827895,796590
27075807507245,1982781821
27075910091463,65714825
27076012721057,902282
27076216693219,185945597
27076298483743,65587506
27076531857297,195273568
27076552406006,881934
27076568982120,807663
27076586058477,569500
27076606712662,741165
27076622761592,592389
27077008478126,369025800
27077039017628,815728
27077082715808,3776357
27077120597026,789033
27077140120750,496059
27077342940647,173659179
27077363601677,3768273
27077554615349,174540473
27077573685437,830368
27077671792456,65407337
27077690134921,1141564
27077880723463,173886114
27078084884946,174448339
27078102509714,826755
27078118587623,695864
27078133647204,523510
27078149774781,853022
27078230854008,65599896
27078246480184,676363
27078285477512,910696
27078369106515,65996888
27078389436761,728252
27078426372641,658027
27078442269655,446413
27078465252146,877428
27078547528480,65830097
27078637031959,65838604
27078662598402,1483731
27078694962535,681804
27078794558262,65761989
27078832332839,865781
27078881480848,1245378
27079018914155,120254603
27079049019749,1201201
27079150422679,65930336
27079188082650,1134274
27079291818361,65596879
27079308764869,850482
27079587072277,260636829
27079776833605,174521233
27079810957271,1112599
27079828356873,797923
27079912418123,65393586
27079962473260,883726
27079984188892,1450856
27080001919586,639820
27080019741307,670641
27080040089669,908563
27080060882184,3460421
27080257680768,174634132
27080274491051,649047
27080294522927,569998
27080315926474,3468080
27080506044622,174902329
27080522670423,700601
27080546673482,783191
27080627028830,65464058
27080647134242,807021
27080662654785,700336
27080679171154,703625
27080762746708,65581034
27080779288644,790481
27080795326155,668239
27080984533966,174228168
27081000201128,827378
27081019503661,642270
27081034200278,720433
27081048646627,584109
27081240659812,174797439
27081256240292,1105307
27081271029501,608167
27081289746852,785451
27081308489684,662143
27081325566467,686680
27081689410108,348454385
27081706999635,897598
27081722099030,576665
27081743235841,563505
27081761194451,653756
27081786192284,829310
27081830249758,715588
27082019560723,20647386
27082035210658,555355
27082053438371,573990
27082076965720,814659
27082112249792,21086559
27082128210680,519969
27082143525739,584579
27082159860523,590272
27082348396455,173332622
27082368178849,694441
27082391462513,726038
27082407916034,584698
27082422964209,750035
27082503632622,65598303
27082585867871,66345813
27082672596790,66028626
27082690720072,1006822
27082772288332,65571878
27082853612228,65370396
27082875028470,669282
27083360694122,462026624
27083381519226,979658
27083405116920,977149
27083607143886,184147212
27083625768367,718984
27083705098416,65040661
27083789124270,65471708
27083977998838,173455294
27084129379997,120406043
27084322976555,174438387
27084346182953,815470
27084361850786,846968
27084381420761,486724
27084397512862,560368
27085099266799,687051513
27085118501075,1120054
27088979086257,3845515866
27089030756646,1136719
27089057924245,11187267
27089075574184,550801
27089104573363,10736487
27089294098858,173540675
27089312562246,783400
27089329846273,735354
27089347129721,735781
27089362291155,637757
27089378587025,618576
27089460637408,64899254
27089476016182,917758
27089885730875,394015532
27089904450150,838005
27089990368501,65143730
27091969437662,1963712806
27092170574139,119014285
27092371304181,185565325
27092389728194,988437
27092409577209,553441
27092886908821,462850118
27092905552693,3729552
27092922169690,618946
27092938460208,504388
27092956623680,744897
27092971634822,684047
27092987794181,533013
27093002758149,560547
27093092654203,65090555
27093605145640,461793486
27093620846304,836104
27093816658263,174059554
27093907614144,65010608
27093923422541,893307
27093949447990,447439
27093964958643,977983
27093981123486,668947
27094130017752,118965285
27094265315827,119018307
27094282115042,735987
27094298930166,906960
27094738868088,422176415
27094822403801,65293713
27094904986856,65771938
27094987584566,65203192
27095018822787,3693526
27095043476896,643952
27095060060295,782457
27095096016918,21312636
27095285858839,174550719
27095366357562,65450236
27095381893405,686205
27095537643917,140136385
27095571925178,808882
27095587607678,702139
27095603249954,929545
27095618538764,764361
27095645165379,1111537
27095662204423,899780
27095679276794,815010
27095703045766,832577
27095718686071,717804
27095734947346,605147
27095750700568,764817
27095879271688,65330202
27095895869245,875133
27095914187615,839819
27095932608128,833714
27096144250640,193554654
27096176534165,878928
27096195823029,732073
27096210364994,731915
27096236473838,811216
27096288304560,738285
27096303192803,689805
27096317426158,662655
27096335398394,834547
27096349780537,515568
27096435537092,65145179
27096468593641,865607
27096483819175,643621
27096620762334,120109013
27096637177441,1030556
27096827204606,174684103
27097133604539,174747414
27097550191914,400540900
27097667293174,65370024
27097683158246,826487
27099692216034,1988113154
27099725353142,961662
27099806037834,65568957
27099821771251,825512
27100153870616,316127366
27100868285219,696142968
27101435144741,532175393
27101459522335,677580
27101475992134,689588
27101665175947,173447381
27102039926840,1015596
27102112517219,857508
27102137487734,919282
27102172861163,20931936
27106048209640,3846687997
27106093332337,753599
27106112407725,643831
27106257797228,129368302
27106274429962,1127821
27106306830978,569870
27106330042695,549207
27106349578889,636164
27106432166725,65372609
27106448931710,1055075
27106531309965,64990007
27106548032963,751873
27106742390514,170816043
27106912516042,66183215
27110899288569,3840449117
27110948461043,1104729
27111029638737,65655813
27111051681849,709087
27114934097239,3864336514
27115229039753,174904188
27115431367924,65902252
27115514753472,66162114
27115575937331,771680
27115765565327,175030960
27115785302812,1021197
27115974558241,173842367
27116006267351,1084203
27116044224620,693264
27116059205595,573057
27116443027099,368950545
27116864803129,400228236
27116958575428,65626531
27117084135963,1148358
27117276068507,737384
27117309242465,548519
27117640447376,185394110
27117680855447,895957
27117762879191,66504627
27118089053232,195468627
27118105261229,804917
27118191371227,65825061
27118206759491,851683
27118226435767,559914
27118241011240,856547
27118255575819,676069
27118270993499,958645
27118288947545,991956
27118306258921,747170
27118453953981,131164439
27118537799374,66423304
27118724199221,172310405
27118739810644,875066
27118820508277,64852868
27118902943296,64464018
27118919661489,712861
27118935572468,681965
27118950184870,673551
27119031500371,65591322
27119101787365,812543
27119190638372,63868281
27119230421723,943799
27119419032970,173479850
27119449813706,920157
27119465478827,615357
27119568495750,85603340
27119594995392,711312
27119610870787,950426
27119627857084,508303
27119801795142,140241898
27119818178513,794872
27119847989795,10827168
27119865424858,764549
27120073317187,193277299
27120096494384,848219
27120113007570,745579
27120133799466,689941
27120153128900,639462
27120168301256,632775
27120247793182,64717189
27120678590475,415655802
27120889859349,194512774
27120907622581,806306
27120927815962,639635
27120945334217,642853
27122930528587,1970128720
27122966521717,817122
27122983018652,522618
27123021215422,21516028
27123158331260,119566924
27123174878193,718677
27123195904273,929373
27123210209833,766174
27123432020872,183934572
27123618028545,170831105
27123699623403,64286639
27123716593344,1015840
27123735510490,438383
27123899959514,119861219
27123940217794,827242
27123955106566,827594
27123971850878,591291
27124080496001,86725482
27124169132687,729132
27124186329291,470928
27124201523569,512515
27127383964479,3141780940
27127468460778,846460
27127484628571,638062
27127917011631,416979631
27127935423034,949855
27127950843935,627246
27127966531261,699460
27128180279883,192170396
27128196434467,641621
27128212034830,624055
27128242778237,661373
27128258824050,706884
27128449617649,173108813
27128640569575,173493199
27130643965792,1984717574
27130678067790,831845
27130889112489,195018175
27130906291092,900969
27130922794822,777530
27131114484411,174137664
27131132266802,1142768
27131147682759,491822
27131164129261,707793
27131245312498,65460803
27131262598203,741974
27131278329838,716872
27131319356561,803963
27131336849531,727186
27131422859738,65633948
27131438689359,749784
27131460545821,3415754
27131477458217,804551
27131495820521,3488272
27131694516703,176977016
27131949349823,239097115
27132397202867,423446065
27132415607261,732318
27132495474489,65315078
27132576753404,66263207
27132597050792,864162
27132634639041,21153557
27133027318373,368309002
27133272045322,195660453
27133288036956,849230
27133306208258,700657
27133322652606,809535
27133338738736,675656
27133359019337,552175
27133375156583,560104
27137259143750,3863705767
27137342427064,1043868
27137358206685,509245
27137437746316,65743498
27137455514227,882567
27137470139707,708302
27137550951675,65693967
27137685810145,120124891
27137874614759,174688937
27138064160066,174785085
27138081928207,3720880
27138162170594,65982857
27138244269186,65942897
27138260531395,974779
27138276402269,1074943
27138357697976,65916990
27138373638728,912629
27138389313840,731101
27138405121293,950723
27138485098045,65724588
27138518910864,1033642
27138535605574,858365
27138550032555,671041
27138740157110,174422458
27139453005148,694763191
27139725480446,239651895
27139740605153,880305
27139755555413,764087
27139892155777,121058569
27140002160937,76136431
27140019628221,927285
27140100186413,66575208
27140292112026,174769417
27140307065051,813813
27140334477568,3718982
27140523063248,174195133
27140547960421,3658753
27140564148329,727903
27140581809049,816572
27140597805997,791809
27140648095429,1196361
27140728046670,65311673
27140749480894,706622
27140764690243,768528
27140848633401,65610032
27140866526411,914669
27140951216836,65661454
27141141089682,175514372
27141254971892,75694076
27141444162832,175074898
27141589108696,130865791
27141620854136,964294
27141639476917,3432650
27141742272208,86867908
27141941407191,65869770
27141994063186,944839
27142585032042,571493847
27142677769520,65911552
27142869163827,174925343
27142888346305,654245
27142992406192,86481143
27143008966443,884732
27143116388963,65912120
27143204188051,65587914
27145201592763,1981737595
27145237477416,813154
27145251842559,668244
27145331816908,65914341
27145522509125,174788545
27145722478006,181587047
27145737545683,677989
27145751962547,668282
27145833650389,65407672
27146027039586,174152830
27146042706854,872666
27146063804300,826993
27146200883501,120834787
27146531044733,316278945
27146555509054,1213591
27146571947527,1154333
27146706175535,120303240
27146722172416,814391
27146809678330,66010926
27146961638138,65724255
27147106751053,120475900
27147123892053,875052
27147140435625,1140582
27147172193257,851346
27147187585423,746487
27147267997520,66192376
27147303096824,880188
27147327737139,477309
27147462903856,118993241
27147480281400,1306902
27147497045261,828804
27147525105667,713484
27148239495443,690464434
27148331550515,65758532
27148523762166,174356973
27148544806876,765884
27148563953697,539602
27148648401860,65263277
27148730085875,65750995
27148749772788,3752636
27148941421694,174191241
27148960922263,962256
27149041948038,65767806
27149080578328,21869208
27149097452825,574468
27149113445832,670235
27149249621866,120450059
