28808204517846,63909508
28808220372308,794961
28808338495809,701350
28808378662167,22934238
28808379804308,24043919
28808399885397,1574274
28808418114482,750615
28808438684388,682531
28808439185988,1188197
28808537877733,859337
28808635431442,734631
28808649410433,749931
28808652817785,4119263
28808667380701,641997
28808790583869,52290986
28808800632871,62364371
28808832771592,8010858
28808848756746,7979139
28808863199762,6395128
28808896766322,7979542
28808924775151,7984224
28808941450755,635450
28808942186579,1375015
28808956063122,546403
28808970626970,773591
28808985655451,954721
28809000444179,816306
28809014783491,626379
28809029470370,671489
28809035956875,533400
28809051052342,558514
28809064744957,526587
28809079772171,498597
28809347554753,253939110
28809373571187,752589
28809388075239,660984
28809492787756,91007672
28809529631945,817404
28809549436277,5032138
28809666420717,104175065
28809717521318,37047526
28809731771273,898837
28809745536590,937238
28809795844083,37302208
28809813753764,918345
28809827830331,657111
28809853424822,12026292
28809868040518,959384
28809882129264,723664
28809897236766,845129
28809911334984,560968
28809925162192,606670
28809939438264,651950
28809954089769,671664
28810015190318,47524294
28810033804329,967196
28810034966065,2138406
28810049741538,916942
28810124505637,59628473
28810191394150,41398047
28810660058557,447173050
28810688421014,1031948
28810696933225,9523658
28810725937226,845784
28810741440494,751303
28810766836984,10902836
28810794184282,702804
28810808218869,688079
28810822554191,1246856
28811216527147,380323356
28811432124475,183225834
28811575533380,326614939
28812140810625,535887732
28812418131779,237234157
28812432315747,846841
28812445711685,529051
28812533863271,74936106
28812548562580,1102504
28812562345553,604898
28812576173259,620292
28812589441076,579950
28812603053242,590004
28812616622986,540174
28812633306558,3417172
28812724483099,78272604
28812757786929,970947
28812817405785,45797334
28812836352220,3891760
28813213677528,362161805
28813242863760,807319
28813258324327,694638
28813323734747,49972275
28813345497313,693339
28813360247997,925030
28813375119187,908045
28813822927265,433913733
28813838527872,645395
28814085822133,232244598
28814171792073,57545972
28814425181712,232302771
28815073233174,611298671
28815078032818,616134770
28815092365607,4202072
28815113314521,526436
28815267368724,139036389
28815326399428,819762
28815655971721,330318999
28815689339161,4528458
28815699072722,8801754
28815704331214,593525
28815727229336,719434
28815741618625,922080
28815756360653,615061
28815770939691,660275
28815853625384,68600373
28816323972882,456311287
28816361710343,863009
28816378117780,765178
28816395319570,872051
28816411248297,994247
28816427062531,601523
28816427679843,1140122
28816443261177,563286
28816459081312,553244
28816474345561,589442
28816490433478,1111848
28816681339341,176067960
28816709851017,703935
28816723988441,623817
28817077043463,339254112
28817091716183,660526
28817335113851,229703329
28817369525125,703322
28817379913874,11057422
28817405605624,789363
28817413342285,532039
28817419782914,607595
28817429394976,568628
28817444335333,582654
28817516244683,57402459
28817544219663,868894
28817558907707,811145
28817562857596,4700723
28817732984818,141875771
28817747333164,783340
28818073643648,313159712
28818194939047,106405002
28818225663937,801131
28818430147024,181280907
28818461113129,798204
28818475816586,513737
28818875104204,385158100
28819476652475,587292652
28820061463331,556798297
28820089660670,762529
28820104165705,612377
28820118717715,674016
28820133534708,597917
28820148200657,686060
28820163185357,843903
28820187780465,10340367
28820221231249,19302971
28821156310282,921025874
28821189051316,953789283
28821196943956,7602540
28821211492577,600532
28821219115376,3573289
28821233049350,589641
28821241366629,540345
28821247268278,1037203
28821255953645,652071
28821260528309,604271
28821270689367,694065
28821274617981,1369408
28821285361999,682156
28821289689192,866280
28821299919590,593811
28821303193054,636992
28821314890612,634450
28821317197534,673298
28821329959481,735282
28822680964725,1336728277
28823043583580,334740236
28823045378232,336590489
28823057896927,789708
28823074342146,661471
28823327111937,233145159
28823446846401,100120466
28823661541931,200243942
28824771834998,1081581311
28824793839141,1103631231
28824801927172,705306
28824808129925,492984
28824816771607,591161
28824822853161,869609
28824830882325,596474
28824845679736,926032
28824860078712,568596
28824874660203,550622
28824888873541,630431
28824903562764,1001027
28824917843208,632036
28824931972349,512638
28824946714360,628330
28825050770845,90310323
28825066195326,1151326
28825080735086,899637
28825095528779,951798
28825574585645,465159744
28825589583277,837261
28825604089539,766202
28825618632643,719728
28825633298708,494887
28825649256356,803738
28825723397290,60329094
28826010434111,258302314
28826037049423,1050820
28826051678221,568879
28826065261437,573721
28826285695488,207380468
28826916901749,617166343
28827229533253,286506020
28827244043111,1070774
28827882948415,625615108
28828129932784,229038058
28828156574038,983327
28828778365503,608599161
28829419583159,626675980
28830104338903,651300992
28830991169447,857495973
28831023175184,840133
28831038474900,1006538
28831170390988,118008728
28831651614594,453688211
28831681529303,714821
28831889684969,194376009
28831903830822,805779
28832075670826,158747543
28832735484258,633694380
28832925106065,164184564
28832940066308,656544
28832954677760,543470
28832969166413,638467
28832979226947,10557064
28832994926877,658563
28833051226670,620396
28833052151276,1550956
28833065429891,630286
28834127837818,1037634379
28834776717576,621758619
28834797553210,642639054
28834809483983,672207
28834824296395,748602
28834838980423,555780
28834917828090,64832775
28834931881113,805843
28836106622268,1161807332
28836133888833,779937
28836148418804,735292
28836528076004,366336951
28836555896631,1007834
28836569591223,587877
28836628280951,42843483
28836661490047,671316
28836674693240,551319
28836688328427,693309
28836702000314,637896
28836936405422,221330641
28837333501818,368600456
28837347390266,709657
28837361249501,677420
28837374750393,530112
28837388316024,494780
28837401954300,504299
28837402543958,953194
28837417278886,581756
28837432775797,1683292
28837446535276,616001
28837460223613,664729
28837474717893,706966
28837489079511,589031
28837510124375,796456
28837524601048,790545
28837542320506,3785729
28837556317718,917329
28837570166707,622759
28837583945262,668710
28837598319828,785166
28837613010609,1191524
28837617055323,5204056
28837627240152,811635
28837641142345,1044303
28837654881000,707304
28838282639390,614523661
28838301606559,767666
28838315402553,628104
28838329870319,944588
28838343382361,716419
28838360257861,3588991
28838374973970,828718
28838473755227,85587483
28838489730153,1058059
28838745578929,241715382
28838823243849,48902541
28839383320379,532535549
28839558007596,153125334
28839656008362,67436055
28839689807581,865921
28839705087422,679619
28839736657155,17187199
28839829669076,60771432
28840061643964,205441907
28840077855866,788123
28840400187810,307577977
28840425539778,721634
28840439330325,648426
28840452849612,575399
28840466978532,686730
28840495489724,13038489
28840577500126,68497872
28840591609327,1016890
28841116143649,511317442
28841293688579,148801531
28841425910705,117999034
28841714493518,273976735
28841747937891,1046280
28841756638750,9741805
28841770436654,609184
28841784221077,618152
28841789312457,509812
28841946493797,144179042
28842010299213,37354109
28842088890040,44093885
28842117668914,756147
28842132151468,885308
28842316108157,170094757
28842345632356,678714
28842423038928,59964335
28842647860481,211335246
28842672409860,235882228
28842681696544,851549
28842696340153,703840
28842711175002,602174
28842725907075,690823
28843312024052,572164970
28843337532589,721436
28843527875748,175486668
28843555667648,694977
28843570181880,436964
28843595669761,10312441
28843613604988,810373
28843782063374,155310284
28843797625313,859318
28843822140204,11523972
28843947009943,110119218
28843964106855,757288
28843966254886,2883775
28843981791110,524810
28844017253153,20376265
28844031567296,831018
28844045966261,474085
28844415546405,355462689
28844821859554,380127290
28845136467219,284636023
28845165850941,1036936
28845181500003,644187
28845259221689,63655116
28845285679803,864028
28845717889148,418388019
28846351534394,604662738
28846552198207,171331463
28846585865008,1058429
28846738574491,138747521
28846769481831,816447
28847465211329,673891646
28847496927694,722783
28847511543628,771791
28847777009352,249621813
28847807995112,932170
28847871037966,49141111
28847882016785,60133711
28847886184595,751029
28848060748334,150899040
28848445279281,349012266
28848460337963,682878
28848475716580,652855
28848490113041,568016
28848492993758,3406876
28848508664839,864052
28848824658272,302344488
28849123947789,216215790
28849149675118,863367
28849522869521,358921697
28849545467754,654190
28849559942445,562606
28849617344900,43166769
28849764691994,190546799
28849789493569,711319
28849800212231,11388382
28849816420359,675946
28849817103488,1359294
28849830452335,653565
28849832109167,519746
28849846878492,496760
28849862257821,628994
28850116859467,239845589
28850162851469,2035603
28850401336664,223431574
28850415328988,674481
28850429117455,544252
28850573114672,130716849
28851000973312,400861864
28851015674487,804156
28851029740459,1170535
28851701592457,658515540
28851716834931,878827
28851811990859,79966647
28851840527006,830391
28851854538849,672579
28852304275205,436206402
28852329853019,11577730
28852425999598,82204860
28852639712818,200254876
28852657464529,4638854
28852669593965,973679
28852924172221,237373798
28853053797534,100933627
28853294619334,227463387
28853313975514,4536534
28853329130446,564821
28853400001788,57246298
28853414412625,71671489
28853415592836,72904150
28853427867763,856922
28853430563965,573234
28853442234063,858277
28853445869980,912049
28853457652794,554710
28853461123398,642805
28853472311446,798991
28853486924379,647421
28853501814423,611638
28853730556368,214011352
28853761223746,1175347
28853776994133,854676
28853792363514,722259
28853957408864,150040312
28853965968270,158917841
28853988534319,851743
28854003064801,694550
28854020642778,3565476
28854035669909,866042
28854073128979,23578833
28854311485667,223836610
28855162245243,824234425
28855164006061,826032715
28855177539091,735125
28855192419175,617384
28855207601990,1335149
28855462397183,240711471
28855477352473,840380
28856047249441,555923704
28856592637726,512133578
28856912514688,279581234
28857217303796,287840735
28857265171252,13512147
28857282999684,678456
28857302907244,640112
28857318852484,764263
28857844235961,509396790
28857900606940,3734460
28857927879715,31015920
28857931280214,585622
28858589550120,632667680
28858597300785,640442590
28858641257745,1825473
28858643814126,4373638
28859122383885,464158384
28859479151642,342746289
28859506270675,847156
28859780090045,260919243
28859821727259,15710869
28859835229695,600795
28859849047222,910867
28859862682599,548682
28859876625088,884569
28859897181531,7519815
28859911227867,586567
28859924987938,544920
28860150743387,212884526
28860165435485,904214
28860179174609,570537
28860347297165,155054275
28861002612145,637729012
28861031329851,798683
28861094943616,49632506
28861125865989,837865
28861157993261,692430
28861173260846,655396
28861188659172,515930
28861204785405,1025218
28861621911667,402115628
28861640525172,4069600
28862315598883,658244188
28862344790143,1059065
28862359131831,575066
28863336427914,963463224
28863654149548,285252099
28863670428758,848962
28863686461660,719444
28863702361009,653579
28864132753837,414941940
28864761545757,588456012
28864775826436,742337
28864789587040,475468
28865427428520,624650589
28865429206530,626474264
28866063657401,608117726
28867159060138,1066175085
28867183236444,740898
28867197017465,682001
28867210761728,656578
28867224145686,504155
28867238003933,732902
28868409086004,1157803409
28868437292308,984474
28868450871793,540708
28869592513438,1128648678
28869629366890,5482056
28871363772366,1720801109
28871394836344,3686508
28872046367874,637911661
28872061031048,797438
28872075234484,599571
28873427086869,1338125724
28873456351874,955145
28873470909720,562217
28873485470147,1101195
28874902431702,1402932300
28875558019923,625322410
28875578340364,6361985
28875593204798,791311
28875689340550,82293607
28875860332485,156853364
28877069046297,1178350380
28877414792037,332362864
28877441034546,840885
28877691814569,237651031
28878066673385,341833594
28878894208884,809340028
28879787328021,864746931
28879819959893,744942
28879834897120,662566
28879851221749,665192
28879869153763,3296510
28879894472691,11373942
28880333925455,424603205
28880363638205,905776
28881540809785,1159004243
28881571803670,875772
28881586374245,823869
28881835771829,235559156
28882072150005,210334423
28882237454810,136580261
28882487649619,236685556
28882513647230,841385
28883822142929,1295386837
28883849357446,981453
28883957723166,95240396
28883984806342,926605
28883998736713,504248
28884012423634,621748
28884642026142,616725504
28885006482403,351450728
28885336627875,311533908
28885367306591,777989
28885381090284,867494
28886452112659,1057739075
28886479614844,866299
28886494468351,682803
28886940040357,431390634
28886966905702,808535
28887613163214,633142318
28887947552492,320603959
28887976577157,847689
28888017048247,25742664
28888033621488,657337
28888050001333,533684
28888086301159,600940
28888250648340,145734278
28888272902873,8894023
28888725416355,439219994
28888741681456,1121017
28888757252448,940150
28888775351785,3518636
28888790548250,645881
28888913885251,108243043
28888928184918,969092
28888941900888,644591
28888969749911,771671
28888985074902,701230
28888998901023,591427
28889441528376,429398449
28889457499968,804435
28889472960076,698395
28889490348636,596523
28889506553283,589370
28890278375737,755868067
28890307539859,772198
28890327104203,627197
28890342100709,676106
28890423184693,67148553
28890454967925,615765
28891151658750,680395208
28891183514479,695403
28891311170276,114451206
28891450366233,43213261
28891485531883,882052
28891500930398,661376
28892024751701,509073379
28892063572930,752259
28892197400820,119444544
28892212321772,694428
28892354521927,127646714
28892370580937,758727
28893221201413,837326004
28893236932804,854120
28893253342430,621444
28893269359263,759390
28893284880678,662375
28893300086557,610678
28894105883209,791049539
28895006071949,873001404
28895034856246,934313
28895695592650,646984102
28895724098753,893738
28896178085396,440436507
28896206669820,780326
28896272404403,51324655
28896313713288,818344
28896597166761,264906896
28896612309415,1058541
28896626113263,573873
28896640287434,719428
28896655076698,732944
28896672456152,942436
28896688975548,814987
28896702883021,715787
28896717956258,807209
28896916678363,185534527
28898246107093,1243437806
28898548101190,274434588
28898581192482,4881864
28898596840018,649538
28898612288213,739618
28898627564864,720600
28898703479295,61204950
28898728479695,3651880
28899425168921,652260996
28899453205556,772737
28899791838737,324499426
28899826115099,770333
28899841264044,792240
28899988823012,131929580
28900328771150,325405780
28900361718600,860919
28900378061131,596065
28900634063661,241345709
28901017088843,368843541
28901264719724,220998536
28901281157180,237496379
28901295118954,781494
28901312504111,3441359
28901326801525,525248
28902172650911,831960064
28902742240825,554605497
28902749587016,562236748
28902763506661,813720
28902772508099,729928
28902808676307,23318073
28902841328618,2316047
28903016803271,161469684
28903049428350,1470809
28903593735838,530443044
28904119769623,498792749
28904148493734,671021
28904162806727,662698
28904177145678,678796
28904191708448,550156
28904206431477,639959
28904223363573,925094
28904245910229,8458830
28904506152977,246876984
28904605586453,67008071
28904634469005,841538
28904651429995,612205
28904667320183,672401
28904902967412,221565300
28904917229837,894327
28905499364457,568819266
28905515282736,746556
28905529684719,596808
28905544007625,535294
28905550664331,7151839
28905562178007,1366069
28905577150465,896904
28906188224187,597035255
28906229009585,11074223
28906386268748,122085861
28906402361151,701073
28906418105458,896962
28906433841394,697557
28906516144140,67826096
28906553416716,4576611
28906581427088,869327
28906597199301,757534
28906751511920,139706633
28906780926516,839044
28907087836324,292701681
28907117753705,858457
28907132986360,806253
28907147942977,830988
28907163748030,871423
28907220170901,43429918
28907257869649,1024501
28907273420711,856514
28907288911988,791034
28907304361779,625366
28907396725107,76899814
28907434892172,898254
28907449738151,807127
28907466497938,1120717
28907618700604,138260204
28908167707437,522086783
28908185487113,2868065
28908199828646,772563
28908213938927,844468
28908661450291,434169709
28908677444610,937411
28908864950705,172976703
28908881615880,189787377
28908895578987,845802
28908896403376,600352
28908909272710,726877
28909038147423,115541046
28909066080901,761496
28909080259821,957763
28909318791989,225481137
28909528827582,182455605
28909543089051,196752226
28910195348263,637579401
28910783806794,571703809
28910787167422,575115457
28910807854659,889115
28910821548094,633348
28910835989672,1225454
28910840682348,5888832
28910855582572,1069642
28910870136350,684586
28910873418814,609345
28911513496124,627026953
28911589904709,48662826
28912161345529,542352849
28912176072354,662651
28912190528074,658224
28912205798403,621621
28912528618651,309210076
28912612418782,40677863
28912783388598,142055066
28912798048813,749934
28913203670210,391825661
28913237141239,4914364
28913251872994,762052
28913457292387,191500086
28913472211836,716258
28913487935350,647971
28913503419137,627009
28913819424925,302113847
28913974167422,125257607
28913992979583,144136372
28914001347825,717147
28914018201246,3602954
28914475573078,442911511
28915214457326,710277540
28916810021833,1568822690
28917619458606,781931246
28918166432506,516728225
28918195431942,853804
28918210415869,645368
28918224729756,614769
28918536858024,246274346
28918552068254,777263
28919671346745,1104521631
28919689536996,1122866409
28919702600507,743597
28920883488283,1164755563
28920901167824,1182516530
28920912989015,873522
28920923128523,7169875
28920949119570,899818
28920964114528,720717
28920978389759,618039
28920993437493,1036096
28921008273781,510399
28921022801498,705063
28921037561525,644570
28921052012239,678669
28921066605142,583021
28921081306153,876920
28921091123204,10658406
28921097298622,494889
28921728024885,606392436
28921756167188,1042567
28921807275010,38012697
28921836600579,1077311
28921870048480,18704021
28922120606677,236326194
28922157694539,812445
28922171546717,746813
28922420999251,236343076
28922435453814,983011
28922449707642,604948
28922493162276,30599989
28922509180756,635632
28922527125932,3242359
28922819821201,277835981
28922841526222,704655
28922857359418,604059
28923077861390,205815967
28923163521367,72336320
28923185686275,860877
28923200896994,698033
28923216326159,666085
28923470823084,240027166
28923498513549,267709991
28923509658301,829650
28923528027636,902407
28923606647210,65029202
28923633670770,823497
28923734326313,87648521
28923910726818,149425384
28924273719046,335233335
28924288094980,753167
28924405568279,100674048
28924420514956,864513
28924589180128,153070106
28925047491458,444301662
28925084390006,3544343
28925212627761,99713330
28925249571710,730481
28925253859929,4990311
28925269281906,893390
28925284790123,511007
28925300894513,991747
28925357946903,42095497
28925374460739,1083455
28925389388228,556953
28925403985136,565960
28925755976434,338399520
28925938988441,156170904
28925978569787,11758469
28925993522176,715125
28926395996164,388916829
28926433919393,1125595
28926620388556,173247127
28926661930680,1108105
28926677402628,596224
28927125662118,433417523
28927170944124,818147
28927185742870,509677
28927200339363,457914
28927208036559,8096242
28927214547523,558427
28927229050384,768291
28927243281572,849703
28927258012812,568134
28927272190304,581819
28927286791277,749443
28927714768903,413492786
28927858039889,556760120
28929706362647,2404822404
28929739881831,836356
28930200035395,818530
28930245557647,46306092
28930444943285,177895263
28930475334278,794922
28930743017148,905541
28930771402633,844706
28931373218463,588791461
28931434404886,47740738
28931484428207,932941
28931499623027,549696
28932012439770,498357911
28932142648475,102141271
28932144358523,103900588
28932156746410,810600
28932159249493,527942
28932196821253,23585104
28932204145959,30830026
28932217567837,765858
28932233103256,690728
28932233675412,1264044
28932252922252,5010804
28932485241048,218490531
28932499443062,672551
28932513370234,671340
28932527353127,639994
28932856901806,316153142
28932875327163,334627308
28932891429032,1116835
28932901460597,646409
28932915286913,589132
28932932245655,3463308
28932946835811,844975
28933150724056,190298421
28933181683296,891460
28933195787952,1023285
28933479023295,270335248
28933577859598,69702041
28933597060960,88977383
28933893673283,283103481
28933930870350,2061146
28933946666456,880115
28934245370099,283557658
28934261288481,2457232
28934585544829,309812961
28934602090472,887907
28934618052917,795870
28934634184610,808163
28934695375517,44784430
28934717769248,907506
28934915130711,183389072
28934950616924,794388
28935637670638,627945384
28935665953837,844229
28935680871100,942892
28935978737550,284324775
28936449850285,437977760
28936481470048,3854934
28936496473142,812284
28936510976815,626282
28936962651113,437417235
28937306654981,312188668
28937334730930,819482
28937358503962,661456
28937679753906,302706801
28937709560679,4684698
28937724407324,894060
28937725985574,2438441
28937734583241,11018682
28937740486866,733534
28937754457513,473970
28937864983303,96864927
28937930858360,51316526
28937961809577,790569
28937993808140,17436583
28938195255381,187585558
28938217424938,1762634
28938383470872,153075032
28938452695461,35774358
28938601265607,120385596
28938617083876,768043
28938873250626,240894438
28938887623635,832013
28938901566775,551349
28938915182337,481635
28938928760802,513723
28938942308637,581679
28939254760619,299006966
28939282320115,1514406
28939468160709,171085417
28939497519349,916930
28939513537786,649070
28939576145790,48045654
28939603959947,817161
28939618483280,501249
28939633439133,891244
28939912521582,265247436
28940116152176,167206323
28940143798275,724774
28940157555206,649357
28940329871112,158717188
28940358076202,808361
28940609727356,237486864
28940997070082,358047811
28941020366012,822650
28941052726913,601123
28941082107599,3712483
28941247493498,134997035
28942099768848,818320383
28942127151474,735334
28942141473921,878370
28942456465770,301530985
28943112989193,623683596
28943776906020,637121268
28944254522478,396118842
28944282311694,890327
28944413205111,117696416
28944427928203,1164689
28944463690498,18854247
28944481616099,772998
28944593819681,97887299
28944609654337,863334
28944624301481,606751
28944807589881,169165357
28944825615789,767549
28944845588220,788461
28944867049917,658097
28944929855563,29689799
28944959108121,800804
28944972904793,539260
28945383666677,397030085
28945413720963,776994
28945428154338,624290
28945443000662,941585
28945457140089,519632
28945471367194,597994
28945480416924,9608820
28945495365961,713587
28945517459068,651639
28945533322085,517789
28946115422168,568082428
28946146010815,783292
28946164863280,4730026
28946165781036,5659421
28946184155540,593324
28946209825295,694292
28946226565383,736212
28946699039125,458736854
28946727341418,759431
28946741113702,672784
28946825796072,71620930
28946857185118,16230899
28946871861424,836755
28947364583435,478135982
28947397922412,1018301
28947865089138,452419080
28947880030368,696677
28948026776202,132862953
28948045495024,682738
28948059556535,540783
28948415241171,341718365
28948512064618,68605444
28948540562514,715439
28948555177598,526915
28948564687003,9997027
28948605709000,895496
28948620079265,580676
28948634067562,447394
28948648901617,708265
28948663245975,606082
28948677980853,804342
28948692659637,935335
28949392861212,664527410
28949428392253,3574151
28949465358525,3213264
28950172825616,692600287
28950188781785,1172973
28950204238092,656129
28950219096861,709373
28950314349564,81033111
28950329928468,1126870
28950344786581,493472
28950442406926,82276031
28950963989409,506657862
28950993805168,874892
28951008374097,781218
28951075790880,53376460
28951115050956,712794
28951359404867,230273861
28951390403642,805179
28951410670768,930465
28951425722469,563061
28951640006621,199683565
28951951126232,283611659
28951979459140,746571
28952061531564,67867523
28952078442171,1088707
28952094774334,712346
28952111169150,858443
28952128001752,788972
28952288312082,145464424
28952756030870,439154828
28952772289455,820440
28952788153360,634225
28952803736624,807824
28952819940870,546496
28952951104389,116296412
28952977518524,685744
28953006457561,770101
28953020852005,715786
28953635453583,600616199
28953695598320,38733283
28953716007225,816362
28953729965433,530580
28954268666900,525517576
28954305907682,1009246
28954320531375,581959
28954546951645,183271034
28954576568721,842802
28954727534889,133851602
28955163481672,406439134
28955198072243,698102
28955213670468,809566
28955437085658,208587886
28955451733601,645963
28955466314018,717964
28955606553779,126217953
28955649958949,25860763
28955667297629,3507494
28955693674821,805988
28955708543276,685844
28955723388083,759031
28955738462622,901863
28955753460567,835480
28955768401689,938938
28955783181199,728850
28955797747193,631833
28955812151925,700584
28955842798283,16549241
28955858415889,781913
28955874303288,700805
28956091767919,202595725
28957580802147,1467885033
28957625933909,1105729
28957640715240,722410
28957655040093,763478
28957669449767,678378
28957684267609,626668
28957701655903,3465156
28957716067833,654595
28957730785378,778171
28957831869842,86898022
28957858885043,672901
28958932184250,1060083419
28958961330552,1012628
28959432447019,457252350
28959465605794,797401
28959480044243,512228
28959494449148,567466
28960341408435,833113913
28960361502619,5562907
28960376280086,730286
28961465864430,1074270540
28961932920926,435021611
28962276226056,313510745
28962617418012,313238190
28962634044589,1151587
28962924013152,276191537
28962953527860,822895
28963149277684,180392111
28963244192945,78357626
28963255265086,89418240
28963273876915,1064157
28963289344753,1457778
28963303958452,738746
28963605974208,287052380
28963642559938,19803742
28963658294520,693606
28964910850543,1237811397
28964940262352,875576
28965041313145,87013755
28965567413654,497062365
28965691448805,90072576
28965706833126,1361974
28965725202827,4559568
28965739490596,705937
28965754138694,578036
28965768755781,652983
28965783084906,495502
28965798230681,651085
28965813130749,931170
28965840783720,7995838
28965857524459,744169
28965872213796,638679
28965886874618,771497
28965910436619,896211
28965987782467,63212952
28966100228383,91369029
28967343023931,1227970586
28968527794459,1156979949
28968561606720,777801
28968575693717,661993
28969393635845,804667796
28969440543442,851446490
28970080321543,578272542
28970110195375,608204365
28970116998444,4169304
28970131170688,646548
28970131548954,1025518
28970148985673,2813045
28970260455716,97699687
28970322796830,33028967
28970356932117,779638
28970380914949,1043248
28971540786283,1146494137
28971996978685,423598025
28974105489606,2092916592
28974558402435,421113212
28974619595885,868999
28974689939537,42768650
28975784143004,1030924642
28975830490715,14672154
28975853773169,961088
28976334850819,465983370
28976353555566,746793
28976367183244,595870
28976382509724,706944
28976396636081,679203
28977523693762,1109888284
28977547093064,1133212657
28977751080165,171714424
28977769822750,987527
28977788314131,823237
28977820806745,679002
28977839489819,3391666
28977925567455,68282100
28978184460477,219941525
28978225649603,824252
28978239985816,565203
28978254548331,786350
28978269299012,903783
28978405998558,122935643
28978490267614,56842326
28978505198608,1060689
28978519672000,900739
28978771882778,237926470
28978797517878,693704
28978812016558,572187
28978826404288,622672
28978840651679,573053
28979055196376,200707467
28979152644817,79770103
28979185063955,876786
28979200180606,879110
28979215088568,666557
28979229899071,610525
28979244482122,674795
28979259129958,557605
28979274503949,658278
28979288984044,852747
28979303537823,662361
28979477377589,159930006
28979812797629,321431178
28980014003244,172592581
28980041317766,831710
28980996738784,942074800
28981018398475,963793562
28981019248817,964635938
28981025796491,1053794
28981040057078,713119
28981047185556,903899
28981073269891,12192619
28981089299877,849041
28981104679676,670467
28981392661297,273243272
28981421885923,859338
28981439617777,3332590
28981454530091,599282
28981469271618,843271
28981545531982,62731850
28981576321804,3490305
28981709093438,119931200
28981721789983,132689301
28982233485862,496577254
28982248094070,846176
28982374965560,113075145
28982391389506,978770
28982409387867,588438
28982423838353,516939
28982746984899,309046783
28983142766244,377935033
28983171481306,671607
28983186642772,730614
28983400005890,198517529
28983405425386,203977374
28983433674993,752774
28983448808085,1024210
28983463073827,505664
28983681708113,204308584
28983709173225,937352
28983724133351,714852
28983739200345,785759
28983951279362,198130351
28983979918053,976449
28983994900542,722254
28984385120908,375580455
28984634396071,234772687
28984649625313,757398
28985019327038,355701265
28985039640614,2821092
28985054530780,841026
28985283259514,214549014
28985301697883,868012
28985317526965,768717
28985701871900,368849319
28985721158105,388175292
28985730909614,866373
28985745718548,530607
28985760129367,584179
28986298383341,523981697
28986326167851,834460
28986379365748,40119465
28986409144993,752140
28986426717857,727842
28986441591096,1099346
28986455965985,561349
28986479614683,9336240
28987153494099,642782402
28987284230823,115778326
28987417107938,108202925
28987950521098,505229273
28987967639021,721067
28987982544495,785846
28987997013016,579738
28988012294138,905696
28988054749684,28378822
28988080889434,12838307
28988095340950,692076
28988225410483,115810101
28988241498206,839697
28988740910369,484992457
28989930732255,1163745688
28990579596256,617724586
28990609633200,810233
28990714740459,90035069
28990747028675,829073
28990761757743,595983
28990775718052,769287
28991149332311,359957337
28991177653446,1031923
28991196107814,870932
28991210185356,14919326
28991217817569,1003714
28991233355083,533490
28991248134207,853289
28991262744185,662567
28991277186113,710041
28991362390278,71010630
28991390578193,921193
28991406794757,761965
28991907238965,485767317
28991920439154,499000573
28991953488219,666766
28992300162377,332764786
28992333100712,1178755
28992345101036,13152595
28992347794890,625927
28992579708743,204569508
28992602018683,226903144
28992603261884,967829
28992620878831,2915486
28992952027734,316403413
28992981567659,761131
28992987123093,6316018
28993001351145,698365
28993002065814,455280
28993015878416,706918
28993031345529,593886
28993258213560,213001327
28993301936512,23817858
28993322485263,691725
28993340512295,566003
28993358635459,634958
28993554072274,176576967
28993573395569,827054
28993587913897,656127
28993635348027,33217485
28993650707571,48584440
28993665459540,792311
28993673514144,8818606
28993681323669,515953
28993701300013,693015
28993715726714,527259
28993730460222,627719
28993808923529,64527980
28993910489266,72384527
28993987500814,41532084
28994028394882,1077901
28994214197960,171229138
28994230461611,784420
28994317801693,72167104
28994431268849,100402964
28994463604858,3592796
28994489579937,757691
28994504367140,662531
28994540543235,22571837
28994860803980,279932239
28995153263352,244366822
28995168170676,1096166
28995425800638,243966440
28995465387794,727243
28995482419201,837420
28995503573089,867945
28995522241109,862558
28996074834368,539435771
28996149672978,47792470
28996163515752,783673
28996178721432,655538
28996193695262,529681
28996208129630,490386
28996968946786,744336169
28997024873770,15636892
28997038838953,611978
28997052529527,669856
28997897485574,831938878
28997918585750,7547944
28997975776051,38938972
28998589659926,587805525
28998620734058,17404943
28998683062113,26273472
28998709619350,809444
28998729398378,832336
28998743353298,654685
28998757246382,667203
28998773136063,732348
28999144058578,357893924
28999821388479,649407932
29000351372623,516173332
29000483247574,88681930
29000511441527,699371
29000527518021,889072
29000543392053,900567
29000559337928,663169
29001107002525,532498128
29001645203005,520084743
29001674381816,549514378
29001677820727,715376
29001688860664,640224
29001703123884,589388
29001717590679,738317
29001739157846,4542257
29001748869877,14206346
29001804798759,15935189
29001836766018,7972500
29001872761031,7985783
29001900776766,7987115
29001932782497,7983246
29002034729761,69666907
29002065921798,922102
29002445712923,365639910
29002463256528,383221994
29002466218865,386183516
29002473299445,956239
29002481343851,663827
29002486820737,624388
29002492012489,792973
29002500477877,728723
29002506837405,563028
29002522601131,682970
29002602679251,65103617
29003137714078,518935231
29003165474457,1031405
29003242348547,62743619
29003346470625,88900310
29003365031599,5044957
29003378779137,549701
29003392520897,638761
29003576487147,170952253
29003631256670,693801
29003775637167,130502791
29004206582817,401687929
29004233591889,698550
29004247055117,656395
29004260427123,517818
29004274127836,880576
29004288082807,975151
29004431391197,130334585
29005098069641,640220856
29005112341128,864786
29005126132601,555571
29005172137532,30753038
29005200568485,637676
29005216498069,1375089
29005234592162,3484274
29005260168346,3378754
29005289496960,702153
29005304821950,832648
29005330300827,10908208
29005977704882,618748144
29005993276788,720789
29006008069199,585264
29006852914092,830717650
29006868284532,1136135
29006882592693,481869
29006897280950,636047
29006911861440,565982
29007020562039,94632252
29007379747777,322602889
29007834976490,428156285
29007865381427,941077
29007872185090,7712124
29007885768184,525380
29007899303748,646225
29007905515558,705515
29007912574437,497420
29008921628720,995937375
29009547109620,596727194
29009573569603,751004
29009587117406,625464
29009613215281,12935689
29009641476450,686908
29010288958431,633683357
29010612122019,308476868
29010724692330,84568398
29010753607698,785111
29011357892440,590338338
29011386400307,773035
29011399911531,600507
29011413554446,569713
29012024591721,597511421
29012061620840,806359
29012259513202,184191911
29012289452943,615997
29012389891351,87316680
29012405567779,740933
29012419157463,478739
29012433218970,867884
29012446650057,566981
29012554339538,94493697
29012582955609,820363
29013178692141,582479801
29014294632451,1086153515
29014313685406,845605
29014393061259,65833790
29014408218657,1093340
29014422964591,706105
29014955067323,517151375
29015637633129,654789968
29016133628328,481830973
29016144504579,492747902
29016161779276,891212
29016172427117,739019
29016175766901,671166
29016187379415,1119133
29016202184572,834549
29016217082133,889388
29016271911095,40859230
29016297519856,4291049
29016849308651,537564661
29016851072941,539362281
29016865186624,621009
29017199859770,320765947
29017248735078,1056780
29017303415984,848806
29017318924672,828965
29017497368248,163183713
29017513564773,735677
29018165102977,638506704
29018489300171,297765901
29018506201608,777423
29018521743172,820344
29018581977300,45111594
29018609849501,675613
29018821367252,197853962
29019169152053,332809568
29019184864928,903065
29019242580257,42438570
29019261586452,4733619
29019276655144,1135434
29019291368711,792275
29019306282484,1117494
29020138450814,818175820
29020171217656,3718983
29020185556156,834033
29020199982429,784420
29020213781035,672590
29020227819595,811405
29021204499480,963463131
29021234684651,852678
29021617752429,368324289
29021693359241,61986943
29021721693893,789621
29021728869396,7968687
29021735181455,618744
29021742971625,688853
29022015245892,258979468
29022046115436,644508
29022060526815,595745
29022075115079,644799
29022523943937,435171937
29022550695445,747354
29022578753059,759284
29022593672920,15632013
29023108582088,490347794
29023151578886,14663839
29023181214625,711899
29023220015943,25024623
29023223811840,28828744
29023251160522,853252
29023265994497,549104
29023282790832,3606205
29023297998478,912303
29023772158322,460942658
29023807302179,707923
29023950801753,129285970
29023973158933,8857605
29023987256045,677813
29024004234048,3409244
29024018026007,673541
29024440603297,409571501
29024570907764,102009136
29024883578296,290686996
29024901883975,1051212
29025132857194,217425527
29025150744525,3672961
29025760295142,587415447
29025795980423,8142526
29025803229743,15443337
29025825491897,8191553
29025829282639,11987513
29025843734747,636145
29026471353143,613526396
29026624501061,124381052
29027283365441,625529747
29027313821415,1099797
29027327400589,671857
29027340905451,664474
29027354843510,620553
29027745335244,377278433
29027777187576,1070240
29027791975129,652357
29027806809581,925600
29028435028093,613900806
29028457515523,708605
29030153327563,1681922862
29030181713902,868619
29031569048749,1373555620
29031584792725,1220442
29031601015879,736600
29031617278131,737820
29032254324692,616404768
29032282177202,1164836
29032296483313,765333
29032315624505,682948
29032334716202,542810
29032411563974,54578169
29032442222069,839762
29032718066321,261274589
29033676424137,1219465497
29033995016402,1538293630
29034502441833,2045727543
29035581337621,443162190
29035610325986,808560
29035745988207,882880
29036281844001,506291551
29036296437598,842198
29036707685270,873163
29036734177374,695283
29036748201109,877217
29036763541765,992338
29036777653389,1166714
29038149696150,620458596
29038192993873,15804481
29038207942945,837437
29038239161251,841134
29039252908746,999336644
29039284732297,851990
29039299403038,606068
29039672528188,359152139
29039924018927,221857094
29040356921342,408014777
29040378288092,873999
29040399018065,790806
29040417498012,915142
29040572348930,136177534
29040605745700,885054
29040620413400,688704
29040635250614,808992
29040650771240,779442
29040665146093,807721
29040679866243,753346
29040695166763,675347
29040720114953,11399093
29040888595675,134472571
29040916663003,880142
29040931392523,593665
29040946222196,782926
29040961570843,908873
29040976319186,725045
29040992756622,575576
29041312489400,305322373
29041345261524,4920325
29041360022717,675643
29041502088879,127767775
29041525025406,8884503
29041540749146,1145334
29041555792909,959664
29042430541321,860390852
29042459364250,865591
29042474175493,690318
29042846340619,358153490
29042875588546,1058584
29042890197762,806187
29042904787749,729649
29042919583668,698069
29042923240316,4309398
29042939789236,3454490
29042956876005,3640127
29042971294969,636663
29042985956887,650051
29043001040347,1073147
29043016027236,936293
29043030983819,770605
29043329983710,284846164
29043345902651,1011861
29043361069763,939321
29043464825818,89537108
29043501703152,869175
29043515643172,886344
29043529240533,879413
29043542876281,624012
29043559571774,3641212
29043573508391,636208
29043673994312,86720923
29043999356211,310955566
29044028534933,3679632
29044773759328,720821056
29044789371262,862344
29044811286927,656173
29044826315936,903939
29044841157061,742727
29044862680194,7098627
29044877507709,786310
29044891023993,528257
29044904501262,555181
29044918112178,586813
29044931709648,791391
29044945173760,577358
29044958915055,564866
29044972559964,651973
29045028620241,43021594
29045073548053,8635018
29045429472368,341600252
29045458251714,839446
29045467219590,9751325
29045473628200,702172
29045489099777,871565
29045493558018,626359
29045506949809,701851
29045586931120,66417168
29045591253857,70702997
29045617110226,807796
29045619556997,515046
29045633817596,681358
29045648349518,650757
29045664055037,692963
29045678751802,835869
29045693251644,570528
29045709372690,692324
29045727069204,570216
29045776062253,29879582
29046359284969,540337785
29046428669506,43779679
29046469255060,879559
29046485125944,639594
29046500392280,559389
29046516568308,834121
29046531701730,599017
29046810012032,262934796
29047022389016,183263234
29047037490265,682371
29047052043063,603485
29047066736227,851456
29047323285486,242975857
29047730533078,377555532
29047758214374,728896
29047771608456,608982
29047851926215,66945744
29047892193083,8751246
29048010337542,88912013
29048105104516,66342770
29048526902272,394849957
29048553489388,4682833
29048568912955,712007
29048584336321,576530
29048599767251,858020
29048617381006,2996402
29049249183838,617061295
29049497549096,233278955
29049512575606,663426
29049526784393,608141
29049602230715,62292897
29049616933531,605935
29049862841122,230911854
29049879111852,1141110
29049894472118,599708
29049895450838,1544863
29049923163367,652338
29049924208938,623029
29049938936318,835983
29049956437543,3656842
29049970965512,884097
29050025804133,41182697
29050169410050,129666230
29050265986236,67884971
29050295332813,843627
29050310589809,550913
29050325897457,800347
29050341030374,633690
29050356323922,705056
29050611879992,241001540
29050629631629,805581
29050746550855,102971839
29050778687289,770612
29050795208429,694198
29050821518940,9418235
29050985835360,144552756
29051001919364,866444
29051017812315,1093019
29051226307425,193709713
29051260474283,6916341
29051297772624,921147
29051312690809,604408
29051432787289,106394825
29051453578404,753543
29051468686102,833910
29051477380092,9484309
29051484041335,828034
29051496861021,4546726
29051509797559,920107
29051512056958,616605
29051525035836,665341
29051540557654,692035
29051556078667,616607
29051571177215,618930
29051642855271,57087012
29051961705748,300822376
29051989064594,865348
29052003039833,854342
29053301836450,1285008606
29053330880173,1146253
29053620935061,276426613
29053838645766,188668958
29054370032549,504456682
29055232217872,1366644648
29055249182824,802215
29056019277595,614262168
29056037602468,774177
29056583268812,531353265
29056620940291,928829
29056678677614,44101097
29057073835213,361131384
29057096865682,384166614
29057112951478,975190
29057131432304,810906
29057133085028,501199
29057148409979,635532
29057162695592,690666
29057184551498,730028
29057807093327,605162918
29058342137613,520455483
29058357174849,878718
29058437150710,66125512
29058477159812,26012835
29058509988509,1195005
29058524654781,676880
29058539214289,739145
29059000945256,447938856
29059012199525,459246057
29059039916725,892471
29059045525697,718537
29059054846224,973102
29059060035820,1048183
29059064747971,5689153
29059091146309,615086
29059109484420,671600
29059123939575,640657
29059688793081,550883768
29059706066557,568203756
29059728397361,3586097
29059769058097,714582
29059784652084,858342
29059800115561,678375
29059815216881,656758
29060313253884,483224352
29060328300713,702239
29060347672926,887042
29060365067864,18233442
29060372042999,1035192
29060397393132,5704166
29060411954647,1016777
29060748178567,321637131
29060776209666,762173
29061003736920,213175903
29061027839619,237276560
29061033636184,771667
29061061455369,1050898
29061075204230,677315
29061089206459,676910
29061103518483,837874
29061117722029,929754
29061131866809,823607
29061543623562,398224242
29061559671144,1033488
29061963431925,388846378
29062001533302,706967
29062015834258,591586
29062030586970,772252
29062187695145,143286739
29062216472231,834174
29062245983275,15557424
29062260792974,607798
29062361614401,86659989
29062385198123,9190556
29062841748445,442302707
29063011652475,155170214
29063474522110,433636486
29063525679879,23725543
29063942934926,403293375
29064180685663,211917875
29064196022157,814637
29065014943899,805287357
29065139649389,97587934
29065805365842,649862267
29065827042536,730949
29065841231350,995381
29065864864321,685636
29065894307802,6746747
29066532998728,601406042
29066539145088,607611535
29066560002061,745276
29066574176512,667813
29066587545899,636997
29066601321447,660225
29066761880370,146918203
29066777468583,860613
29066791790207,567412
29066806194490,596300
29066820438478,649278
29066835154861,700939
29067226237930,374577178
29067444497402,190641098
29067753461946,276436552
29067783505261,776568
29068104467722,307922598
29068141693945,877012
29068301563046,144594760
29068316769011,709230
29068331419613,652504
29068418472279,73225249
29068432375526,664437
29068954484127,509089540
29068983010813,706887
29068997681479,882903
29069696160888,684893213
29069831103113,108756806
29069861618571,788068
29070132325654,257517887
29070145516039,270734798
29070147285683,671177
29070161277400,494722
29070172856737,620913
29070175377896,691779
29070269329865,80274499
29070284322850,886961
29070299942028,807699
29070314627992,508257
29070352295597,23223583
29070385581972,759443
29070399890134,978016
29071027636970,614421384
29071053611507,806752
29071067417443,610472
29071083963615,3494204
29071320146195,211279204
29071352997250,4935086
29072130071975,763120451
29072134823131,767903392
29072172854305,16839436
29072212144234,12142061
29072788332945,543462341
29072821626308,814343
29072891942944,56173256
29073436365711,530898192
29073469898287,1092404
29073515626753,31695111
29073541270560,476301
29073555089781,763977
29073562442533,7843939
29073898479970,305173339
29074117003450,204113391
29074532419440,401382292
29074765244131,196307003
29074770044532,201170635
29074785126825,1009523
29075306066225,507011857
29075320496851,801906
29075334670822,693675
29075348675334,777894
29075408399732,46087078
29075442645246,876823
29075457824545,809900
29075472124277,938902
29075505183020,19892586
29075519434957,1123575
29075533567039,718885
29075548451342,811493
29075563073395,873638
29075577353126,1081690
29075619658901,29216266
29075648257315,741155
29075663140308,741160
29075977595256,300517654
29076295192379,289981590
29076313760560,924683
29076328229051,705536
29076342802507,686940
29076357369770,723344
29077060134720,688846862
29077093201686,4927266
29077534485333,427153466
29077549561693,725900
29077713691532,150304913
29077727531810,164189361
29077742452082,670031
29078837913109,1081368210
29078980774506,114166149
29079467741336,442845898
29080559178068,1054205037
29080589702016,808023
29080605150398,860135
29080620687515,863863
29080636480897,676337
29080738747176,78936947
29081271971223,506752170
29081274846836,509639311
29081301479130,756832
29081315253214,747235
29081315959922,1454344
29081330530670,669759
29081343571671,13687336
29081357528215,905845
29081371479900,694859
29081385684402,742557
29081399477332,715947
29081413405969,582147
29081429310517,1102738
29081443342810,1009384
29081457583984,674963
29081471726400,987219
29081485760021,853225
29081491486440,6495146
29081501667143,854973
29081515375541,607013
29081520553054,568492
29081534118626,681088
29081547258015,548355
29081995240806,434883811
29082152294992,142275888
29082171298566,161336097
29082196940987,16071241
29082197937823,688775
29082824409231,613125737
29083182795822,325883587
29083210738454,759834
29083225760173,738465
29083231394005,6330250
29083257720687,786390
29083475581210,204818035
29083513198021,4332919
29083540732118,746233
29083555535979,974767
29083569805944,634121
29083584162107,645039
29084408418585,810532563
29084449468181,4620393
29084464615245,941348
29084479988041,670803
29084494509538,646582
29084509135991,687765
29085164073134,640977067
29085231071894,38545776
29085259868507,858025
29085275095906,723688
29085291000636,759414
29085302722800,12430914
29085313584022,775846
29085327978217,701974
29085333965445,5451353
29086884022667,1517606359
29086916240683,7354416
29086944683341,1109646
29088391408911,1432375342
29088641645629,1682878798
29089151645090,2192844351
29089585493343,2626511244
29089790029739,1190940
29089819323902,731174
29089835037550,726438
29089849944274,676214
29089992426203,127342323
29090021483484,818992
29090037739346,726632
29090305167494,249017067
29090484323531,162135576
29090502812373,815840
29090520355649,888708
29090536316186,690629
29090551589865,593334
29090888599106,320818508
29090991473415,73317257
29091009494187,673761
29091024787480,601225
29091354604389,314787693
29091372807154,4876351
29091534217005,113348102
29091552565984,922227
29091574461881,3699793
29091929476431,336486247
29091966761735,3740801
29091983982761,700512
29092004333021,3207012
29092020455490,730225
29092039888932,863287
29092060612417,645686
29092078732184,983482
29092098825306,642214
29092117777606,632794
29092184209868,722893
29092216536279,3557025
29092234873360,846209
29092617762602,1138812
29092650686122,777244
29092666613108,545067
29092857533753,176238866
29092872340369,880793
29092886013628,602676
29093117751501,218669294
29093514999608,360569712
29093543161046,881843
29093556865736,750682
29093570783662,815623
29093779698665,195853808
29093794544343,890203
29093808749964,774969
29093823290766,889687
29094397087761,560674225
29095028570814,614378277
29095058571853,926786
29095933883575,860250372
29096574795711,611415926
29096691502278,98559314
29096713552988,120651412
29096720585048,840569
29096734839230,554394
29096740235127,628412
29096750021922,586954
29096754214363,518961
29096767591857,711136
29096784441033,3421369
29096797718884,622340
29096811221514,531189
29096892402917,68146173
29096914962548,3767389
29097882680096,945772657
29097912152007,855831
29098523560566,596640289
29098534885788,608042346
29098541127487,614250543
29098553773258,944068
29098569055154,733870
29098583750062,798447
29098597300216,671786
29098611095026,842664
29098665134790,40508913
29098692885629,786860
29098706808980,727108
29099242484961,522089434
29099269311925,784449
29099283787035,678341
29099298208253,711279
29099312166931,869449
29099345820451,20447938
29099930806438,571373354
29099958227016,1395263
29099977895829,658752
29099979750093,2478010
29099993650296,653865
29100007620365,972565
29100271080276,250192083
29100297627182,276773226
29100317008934,6045949
29100331770355,1016413
29100437864708,92141068
29100468665374,884903
29100632580247,149556033
29100912429050,247567815
29100945796504,4947380
29100960659711,739072
29100966904650,6957626
29100981484870,688264
29100997524259,1416762
29101012219072,728691
29101029301966,703290
29101044557503,977074
29101062711209,3224335
29101194940371,118622565
29101221116392,696943
29101234869317,575644
29101251546361,3582318
29101645153380,363746697
29101664043779,760687
29101679215318,579377
29102299209432,594948548
29102325650215,835376
29102340676164,616970
29102355449160,730991
29102405312144,35577416
29102432771896,774708
29102447344461,563939
29102806487814,344973467
29102835466809,813261
29102850356915,494897
29102865596177,656524
29102881346401,665743
29102981548340,85411852
29102982819669,86712571
29102996509273,844572
29103010981601,950685
29103013170546,3139797
29103020668006,10584980
29103026980982,715072
29103040696233,866762
29103046877384,725508
29103054259474,629197
29103061728553,531249
29103067898767,528928
29103076094273,787638
29103081162147,535305
29103095901504,604285
29103109496666,511609
29103123367671,819342
29103247633824,110945043
29103285536281,695336
29103300102479,669769
29103314373436,516405
29103317204004,3346237
29103344986415,636672
29103359253409,561995
29103373583812,567818
29103388218276,727281
29103665157367,262959401
29104014551756,318448413
29104157697721,128989415
29104176927064,5046974
29104304385816,112402198
29104436583012,103442119
29104470330538,721758
29104576186273,91978494
29104605835004,1024047
29104621864339,733287
29104681830323,44823947
29104696736348,730032
29104829277945,117655584
29104966832470,107848643
29105076860504,91974457
29105312527930,206038355
29105459745770,114839769
29105493609529,789797
29105508738068,883418
29105523506771,503786
29105542028937,681135
29106248169778,691177524
29106285988648,1160846
29106436117973,137168309
29106466396529,1147703
29106533881856,53457823
29106555090989,74739599
29106589358992,540108
29106650654918,46930579
29106671873089,740876
29106688497651,17311947
29106721124005,5002596
29106725638374,829751
29106744856718,663694
29106745685985,1494026
29106759963400,762579
29107056675400,282886378
29107095155685,900947
29107390249463,272886633
29107738389511,333205539
29108312766624,558685568
29108953818971,608929214
29108969760108,943510
29108984337462,495699
29109060665796,62511318
29109100051487,7601772
29109209993208,871223
29109419579325,787776
29109435069959,783479
29109575326794,873621
29109589443585,447896
29109604360726,565428
29110114379155,495922046
29110229696810,26857232
29110244555055,573403
29110677900501,419484408
29111430539591,612732210
29111445435460,890066
29111459811272,516925
29111476858463,904467
29111492103128,676377
29111950158163,443670636
29112301922061,215125915
29112331516711,733050
29112346464436,700524
29112643203516,279615401
29113240345607,528611463
29113318855327,607118497
29113445877272,111713299
29113498413307,164380160
29113544409632,683816
29113547443668,3723667
29113569569673,762755
29113736383942,153666922
29113942843398,193024261
29113961060975,671720
29113981926632,5639968
29113997766659,591808
29114012240445,480932
29114030985909,842201
29114172751260,887061
29114187945247,847973
29114203141165,664873
29114217778040,548771
29114232521510,645843
29114247258196,720589
29114351901099,105307964
29114433308251,1455552
29114433622297,1778930
29114448354067,761607
29114574616437,861525
29114589422200,728961
29114695078515,90368688
29114724824144,861748
29114739210627,551932
29114754044994,600618
29114768667919,613857
29114783485549,518080
29114797905139,666845
29114812218633,588906
29114827254002,640317
29114842064596,498822
29115050390971,193828843
29115064694239,790261
29115080254649,587598
29115253211925,159442453
29115268266459,1010221
29115293027990,11811128
29115455117534,133410844
29116236541051,751654925
29116457094140,191991714
29116460672316,195626337
29116485915097,877752
29116499971843,678384
29116903127617,389670344
29116922648373,776444
29116983152305,36664699
29117000792187,54342061
29117111606675,95141833
29117141567872,734476
29117155502803,633972
29118869489549,1700230317
29118897329043,1059347
29118912034814,585091
29118926787282,829766
29119099453261,154412669
29119417070431,288181032
29119444279964,680719
29119458349367,648518
29119701310549,229737857
29119732818145,1106202
29119747725887,594792
29119770312945,703481
29119785382680,730160
29120014771418,215394356
29120052095726,1047159
29120404989407,335719850
29120420120490,697379
29120660414000,226122902
29120703510688,4075189
29121322997743,590454772
29121341905657,1073717
29121993788099,637903779
29122009214274,716002
29122119513380,95834494
29122272595368,115618216
29122325305045,23828251
29122917450852,558283024
29122945696436,692544
29122986195677,25720574
29123002192493,860055
29123858631893,841519915
29123869473993,852461531
29123884623289,832744
29123888498131,921942
29123899277479,654626
29124670278484,756992874
29124711258048,12510330
29124739028950,959779
29124753437380,514256
29124767961124,519595
29125329330783,547847435
29125345272235,837146
29125979091132,618833259
29126581905349,587739529
29126597266884,746050
29126872343108,261036790
29126902273250,878661
29126916969566,556331
29126930953858,836656
29126944908855,661414
29126958764529,789316
29126972612387,738581
29126988478629,629285
29127260945634,258975509
29127528535754,239533548
29127873994515,317115294
29127902613431,898951
29127903714524,1966927
29127925122538,6417475
29127952918907,732857
29127966984789,732695
29127980893973,690909
29128251204282,257085985
29128277584349,741701
29128534124203,243075658
29128549891836,855246
29128551919853,2844029
29128566273684,653207
29128581094234,660372
29128605618625,10614880
29128619523177,604993
29128633748167,1093322
29128647364088,525495
29128920640746,259724478
29128948887169,858477
29129057560772,94486494
29129072525859,893899
29129259453497,172845171
29129281657960,865556
29129296729895,803293
29129311352095,685970
29129327310536,649057
29129344072570,643055
29129436950961,77714611
29129966281564,514693642
29130018285179,23059607
29130047363456,690799
29130062622034,604505
29130078003856,664149
29130282288144,189174615
29130311317074,798769
29130325698865,574949
29130521533011,181663820
29130970755638,434657153
29131006514057,757616
29131025557699,953936
29131039784791,746055
29131695451293,640040341
29131880249328,159345480
29132598909105,650058864
29132628737694,1020379
29132643099852,528788
29132910189832,245305964
29132925743236,869028
29132939705164,791352
29132953503452,642039
29133514617814,547590846
29133543366252,680723
29133558107958,525144
29133573017416,500890
29133689633219,102407718
29133718860910,778371
29133734196661,644055
29133755164688,5961047
29133783962576,882783
29133799197024,534136
29133802562016,3864881
29133821510899,694494
29133836635923,457940
29133852593590,588589
29133868023833,651016
29133883883716,635182
29135590814582,1691858745
29135726039031,116503870
29136219592223,465333389
29136251385557,875571
29137338415878,1072966101
29137368675297,836452
29137383598410,781942
29137953774855,556050765
29137988806331,1162715
29138005659805,549597
29138024677129,707154
29138173926502,133587338
29138190928497,692768
29138207704916,496621
29138223932565,575675
29138259356665,713683
29138650571321,376842003
29138667012576,820183
29138709002289,27396890
29138724054862,727565
29138741961680,3728744
29138897248131,139723634
29139090503703,174989129
29140470962007,1356246060
29140501858443,841143
29141111496235,594342795
29141266329140,121407285
29141297556213,773354
29141468682131,157428441
29141785434308,281220212
29143313167322,1510720769
29143345657484,879458
29143362542928,690865
29143380121705,835377
29143396514575,904928
29143413369424,784863
29143431464710,683891
29143735332099,286734752
29143768007644,996108
29143783659146,594144
29144400464867,601746202
29144425714303,878560
29144443430582,824112
29144713150944,253968037
29145079481337,333332334
29145165087704,64141563
29145916927411,720178298
29145943396541,11739193
29146596500633,627634610
29146815686451,190774556
29146845760634,941304
29146861292227,975266
29146872303042,11949419
29146888793865,711696
29146905269845,733080
29146921934915,1036088
29147267046456,329546292
29147297084966,937134
29147312858866,746571
29147328602004,542255
29147532048730,188509944
29147562003860,218521162
29149061624093,1471258238
29149078824636,783857
29149095133917,776260
29149913099116,804604717
29149932261288,823927284
29149965410734,779756
29150277562181,295131255
29150599570521,291967617
29150614923201,726234
29150657840566,27513582
29150668130778,37806045
29150686413885,3654728
29150700756733,617548
29150716735101,631940
29150731891031,630188
29150747431814,1104570
29151384963370,623117098
29151400372365,764713
29151416953243,676731
29151983858243,551405678
29152021653013,832585
29152034425774,13580798
29152400829731,335511360
29152691340270,258458067
29153148780993,427642423
29153738050948,549181329
29153754215601,818697
29153772613581,3360922
29154382891669,593990322
29154410460240,621597563
29154429405977,761142
29154436065214,7382473
29154621379904,154121950
29155045402091,384653829
29155065738011,662264
29155264300622,181274670
29155281628038,801239
29155389425743,72442049
29155890716955,462869848
29155935179177,27264226
29155951366970,660753
29155969420789,658448
29156034734705,49779758
29156350042665,301418358
29156605867345,225209116
29156624211888,617396
29156664911652,889028
29157305360434,622099659
29157530722665,207849642
29157570416756,876214
29157588126148,618236
29157743460228,136969686
29158044221074,270586669
29158090160712,1243121
29158109146424,952140
29158749794489,623173667
29158767126740,786711
29159028757719,244545439
29159235716657,178471323
29159290231816,21466801
29159318998931,823304
29159333135602,925144
29159346863517,650030
29159360135433,572690
29159396351045,23037399
29159425597552,781388
29159439898093,525189
29159721380475,266394227
29159742725851,1229345
29159763512409,1055845
29159782953581,755308
29159989479031,192154995
29160120203292,117008497
29160436385689,286239570
29160469542068,722258
29160487169819,617939
29160555162092,51572014
29160596317627,11379559
29160632403806,3590024
29160645745143,16899053
29160669489819,4678232
29160879580110,196691260
29161098224917,191570465
29161120870951,8720548
29161135099940,687755
29161136876539,2430709
29161214811067,66121217
29161283052354,134350642
29161679604797,530899650
29161954431482,805712283
29161985807263,837135710
29163065527350,1916624576
29163539835259,2391084409
29165339114822,4190284369
29165944960349,4795991781
